ID	Stromal_score	Immune_score	ESTIMATE_score
TCGA-A1-A0SD-01	3937.74	1633.42	5571.16
TCGA-A1-A0SE-01	3725.53	1802.44	5527.98
TCGA-A1-A0SH-01	4112.96	2386.5	6499.45
TCGA-A1-A0SJ-01	3541.33	1957.03	5498.36
TCGA-A1-A0SK-01	2039.76	-116.13	1923.63
TCGA-A1-A0SM-01	3665.14	2341.35	6006.49
TCGA-A1-A0SO-01	1942.53	1052.69	2995.22
TCGA-A1-A0SP-01	3478.62	3071.98	6550.6
TCGA-A2-A04N-01	3901.76	1966.47	5868.23
TCGA-A2-A04P-01	3359.41	2753.28	6112.69
TCGA-A2-A04Q-01	3917.23	4145.03	8062.27
TCGA-A2-A04R-01	3168.96	807.77	3976.73
TCGA-A2-A04T-01	2989.01	3056.76	6045.77
TCGA-A2-A04V-01	3734.6	2099.05	5833.66
TCGA-A2-A04W-01	3645.85	1982.64	5628.49
TCGA-A2-A04X-01	3329.71	3392.08	6721.79
TCGA-A2-A04Y-01	3466.14	3060.93	6527.07
TCGA-A2-A0CL-01	4115.6	4246.79	8362.39
TCGA-A2-A0CM-01	3665.46	3500.93	7166.39
TCGA-A2-A0CP-01	3993.83	2040.52	6034.35
TCGA-A2-A0CQ-01	3128.67	2431.11	5559.78
TCGA-A2-A0CS-01	3719.61	2405.61	6125.22
TCGA-A2-A0CT-01	3251.74	1572.19	4823.93
TCGA-A2-A0CU-01	3501.24	1565.53	5066.77
TCGA-A2-A0CV-01	3958.38	2890.26	6848.64
TCGA-A2-A0CW-01	2759.44	2383.82	5143.26
TCGA-A2-A0CX-01	3859.76	2894.09	6753.85
TCGA-A2-A0CZ-01	4202.49	2966.48	7168.97
TCGA-A2-A0D0-01	2036.35	2597.64	4633.99
TCGA-A2-A0D1-01	2810.99	1053.12	3864.1
TCGA-A2-A0D2-01	3639.1	3132.9	6772
TCGA-A2-A0D3-01	2995.74	2480.45	5476.19
TCGA-A2-A0D4-01	2894.37	661.12	3555.49
TCGA-A2-A0EM-01	3775.28	1943.67	5718.96
TCGA-A2-A0EN-01	4203.4	3794.82	7998.22
TCGA-A2-A0EO-01	4096.09	2865.52	6961.61
TCGA-A2-A0EQ-01	3534.83	3890.82	7425.65
TCGA-A2-A0ER-01	3107.52	1990.36	5097.89
TCGA-A2-A0ET-01	2506.03	2300.38	4806.41
TCGA-A2-A0EU-01	3479.23	1539.95	5019.18
TCGA-A2-A0EV-01	3889.36	3059.77	6949.13
TCGA-A2-A0EW-01	4035.26	2942.02	6977.28
TCGA-A2-A0EY-01	3413.4	2668.25	6081.64
TCGA-A2-A0ST-01	3727.72	4354.88	8082.6
TCGA-A2-A0SV-01	3850.46	3203.94	7054.39
TCGA-A2-A0SW-01	3737.98	3595.52	7333.5
TCGA-A2-A0SX-01	3896.28	3731.78	7628.06
TCGA-A2-A0SY-01	4000.56	3134.1	7134.67
TCGA-A2-A0T0-01	3465.31	2515.61	5980.92
TCGA-A2-A0T1-01	4128.19	3880.87	8009.05
TCGA-A2-A0T2-01	3075.07	2038.37	5113.44
TCGA-A2-A0T3-01	3237.89	1564.85	4802.74
TCGA-A2-A0T4-01	4121.62	3017.75	7139.37
TCGA-A2-A0T5-01	3517.84	2021.71	5539.55
TCGA-A2-A0T6-01	4299.39	3356.81	7656.2
TCGA-A2-A0T7-01	3865.73	2540.3	6406.03
TCGA-A2-A0YD-01	4091.38	3172.38	7263.75
TCGA-A2-A0YE-01	3222.26	1871.36	5093.61
TCGA-A2-A0YF-01	3174.75	2669.33	5844.08
TCGA-A2-A0YG-01	3101.64	1970.82	5072.45
TCGA-A2-A0YH-01	3916.08	3573.81	7489.88
TCGA-A2-A0YI-01	3865.8	3550.79	7416.59
TCGA-A2-A0YJ-01	2532.58	1602.15	4134.73
TCGA-A2-A0YK-01	4042.95	3818.83	7861.78
TCGA-A2-A0YL-01	3978.35	2662.79	6641.15
TCGA-A2-A0YM-01	3127.74	3149.56	6277.31
TCGA-A2-A0YT-01	3058	2291.56	5349.56
TCGA-A7-A0CD-01	3083.38	1200.65	4284.03
TCGA-A7-A0CE-01	2818.92	1724.82	4543.75
TCGA-A7-A0CG-01	4019.17	3269.82	7288.99
TCGA-A7-A0CH-01	3374.16	1731.24	5105.4
TCGA-A7-A0CJ-01	2779.57	1841.27	4620.85
TCGA-A7-A0DA-01	3484.13	1894.63	5378.77
TCGA-A7-A0DB-01	3810.32	2760.02	6570.34
TCGA-A7-A13D-01	2981.02	1230.18	4211.2
TCGA-A7-A13E-01	2926.43	1461.31	4387.74
TCGA-A7-A13F-01	2900.38	1673.04	4573.42
TCGA-A8-A06N-01	1284.32	1083.91	2368.23
TCGA-A8-A06O-01	3534.32	2528.52	6062.84
TCGA-A8-A06P-01	4004.64	2329.35	6333.99
TCGA-A8-A06Q-01	1763.29	1082.76	2846.05
TCGA-A8-A06R-01	3820.4	2925.58	6745.98
TCGA-A8-A06T-01	3352.04	2338.21	5690.25
TCGA-A8-A06U-01	3037.36	2494.32	5531.68
TCGA-A8-A06X-01	3294.64	2421.21	5715.85
TCGA-A8-A06Y-01	2288.35	835.64	3123.99
TCGA-A8-A06Z-01	2498.22	1507.03	4005.26
TCGA-A8-A075-01	3587.69	3030.94	6618.62
TCGA-A8-A076-01	3657.69	2658.71	6316.4
TCGA-A8-A079-01	2796.52	1994.25	4790.77
TCGA-A8-A07B-01	3497.74	1600.52	5098.26
TCGA-A8-A07C-01	3262.44	3007.79	6270.23
TCGA-A8-A07E-01	4216.89	2925.41	7142.3
TCGA-A8-A07F-01	3561.97	2703.93	6265.9
TCGA-A8-A07G-01	4024.21	2578.77	6602.98
TCGA-A8-A07I-01	3832.08	2817.91	6650
TCGA-A8-A07J-01	4124.47	3410.19	7534.65
TCGA-A8-A07L-01	3409.08	1506.57	4915.65
TCGA-A8-A07O-01	2674.8	2853.38	5528.18
TCGA-A8-A07P-01	3194.82	2345.64	5540.46
TCGA-A8-A07R-01	2596.22	1570.87	4167.09
TCGA-A8-A07S-01	3322.52	2107.41	5429.94
TCGA-A8-A07U-01	3760.6	4107.97	7868.57
TCGA-A8-A07W-01	3543.65	2625.02	6168.67
TCGA-A8-A07Z-01	2876.07	2333.45	5209.52
TCGA-A8-A081-01	2672.92	3140.97	5813.89
TCGA-A8-A082-01	3295.1	2154.65	5449.74
TCGA-A8-A083-01	2403.11	1372.3	3775.41
TCGA-A8-A084-01	3204.92	1591.12	4796.04
TCGA-A8-A085-01	3335.24	438.32	3773.56
TCGA-A8-A086-01	3745.6	1996.09	5741.68
TCGA-A8-A08A-01	3512.3	2619.39	6131.69
TCGA-A8-A08B-01	2756.15	2296.19	5052.33
TCGA-A8-A08C-01	3135.73	1803.75	4939.48
TCGA-A8-A08F-01	3658.01	3400.58	7058.59
TCGA-A8-A08G-01	3449.6	2462.32	5911.93
TCGA-A8-A08I-01	2905.73	3916.47	6822.2
TCGA-A8-A08J-01	3587.59	2483.89	6071.49
TCGA-A8-A08L-01	3291.67	2856.58	6148.24
TCGA-A8-A08O-01	3748.67	1438.65	5187.32
TCGA-A8-A08P-01	3900.94	3706.06	7607
TCGA-A8-A08R-01	3561.66	3362.84	6924.5
TCGA-A8-A08S-01	3171.58	2049.22	5220.81
TCGA-A8-A08T-01	3412.13	2086.3	5498.43
TCGA-A8-A08X-01	3915.54	3309.92	7225.46
TCGA-A8-A08Z-01	4173.76	3371.39	7545.16
TCGA-A8-A090-01	3712.96	3012.2	6725.16
TCGA-A8-A091-01	3374.33	2147.28	5521.62
TCGA-A8-A092-01	3140.37	2306.21	5446.58
TCGA-A8-A093-01	3510.71	1290.18	4800.89
TCGA-A8-A094-01	3634.27	3360.77	6995.03
TCGA-A8-A096-01	3953.12	3538.21	7491.33
TCGA-A8-A097-01	3932.57	2655.38	6587.95
TCGA-A8-A099-01	3130.99	2193.84	5324.83
TCGA-A8-A09A-01	3775.99	2515.87	6291.86
TCGA-A8-A09B-01	3626.78	1989.74	5616.53
TCGA-A8-A09C-01	3433.27	1333.45	4766.72
TCGA-A8-A09D-01	4015.65	2929.45	6945.09
TCGA-A8-A09E-01	2991.49	1367.2	4358.69
TCGA-A8-A09G-01	3192.56	3059.87	6252.43
TCGA-A8-A09I-01	3479.33	2891.54	6370.87
TCGA-A8-A09K-01	2469.68	2582.26	5051.95
TCGA-A8-A09M-01	3205.32	3135.13	6340.46
TCGA-A8-A09N-01	3399.94	2056.44	5456.37
TCGA-A8-A09Q-01	3670.12	3438.49	7108.6
TCGA-A8-A09R-01	3722.13	3007.73	6729.85
TCGA-A8-A09T-01	3514.68	2034.81	5549.49
TCGA-A8-A09V-01	3689.75	1368.42	5058.17
TCGA-A8-A09W-01	3388.3	2463.95	5852.26
TCGA-A8-A09X-01	3831.67	3565.73	7397.39
TCGA-A8-A09Z-01	2567.25	2909.7	5476.95
TCGA-A8-A0A1-01	3872.28	3624.36	7496.64
TCGA-A8-A0A2-01	3632.31	2511.39	6143.7
TCGA-A8-A0A4-01	3424.02	1552.92	4976.94
TCGA-A8-A0A6-01	3643.71	3514.81	7158.52
TCGA-A8-A0A7-01	4015.73	4263.95	8279.68
TCGA-A8-A0A9-01	3440.41	2227.76	5668.16
TCGA-A8-A0AB-01	3144.57	615.67	3760.24
TCGA-A8-A0AD-01	3852.74	2830.76	6683.49
TCGA-AN-A03X-01	4038.46	2463.19	6501.65
TCGA-AN-A03Y-01	3252.11	2243.21	5495.31
TCGA-AN-A041-01	3728.76	2168.11	5896.87
TCGA-AN-A046-01	3733.14	3291.15	7024.29
TCGA-AN-A049-01	3767.05	2743.6	6510.64
TCGA-AN-A04A-01	3802.59	2051.51	5854.1
TCGA-AN-A04C-01	2710.06	1847.92	4557.98
TCGA-AN-A04D-01	2108.06	311.46	2419.53
TCGA-AN-A0AJ-01	3447.85	3295.01	6742.86
TCGA-AN-A0AK-01	2795.23	2057.01	4852.24
TCGA-AN-A0AL-01	3705.5	3031.71	6737.21
TCGA-AN-A0AM-01	3480.35	2774.96	6255.31
TCGA-AN-A0AR-01	2334.82	929.19	3264.01
TCGA-AN-A0AS-01	3680.23	2731.66	6411.89
TCGA-AN-A0AT-01	2881.46	2615.97	5497.43
TCGA-AN-A0FD-01	3790.05	2191.9	5981.95
TCGA-AN-A0FF-01	3680.92	2875.11	6556.03
TCGA-AN-A0FJ-01	3204.52	1856.77	5061.29
TCGA-AN-A0FK-01	3264.73	1887.61	5152.35
TCGA-AN-A0FL-01	2063.7	1027.73	3091.44
TCGA-AN-A0FN-01	4423.57	3732.08	8155.64
TCGA-AN-A0FS-01	3846.42	1612.21	5458.63
TCGA-AN-A0FT-01	3520.72	2090.01	5610.74
TCGA-AN-A0FV-01	3382.14	1469.7	4851.84
TCGA-AN-A0FW-01	3479.15	2057.94	5537.08
TCGA-AN-A0FX-01	3742.98	1841.02	5584
TCGA-AN-A0FY-01	3662.06	1778.37	5440.43
TCGA-AN-A0FZ-01	3342.98	1214.37	4557.35
TCGA-AN-A0XL-01	3940.39	2118.02	6058.41
TCGA-AN-A0XN-01	4207.61	3316.68	7524.28
TCGA-AN-A0XO-01	3537.25	886.75	4424
TCGA-AN-A0XP-01	3448.81	1970.37	5419.18
TCGA-AN-A0XR-01	2927.01	1209.11	4136.12
TCGA-AN-A0XS-01	3974.75	3127.58	7102.34
TCGA-AN-A0XT-01	3295.42	1613.88	4909.3
TCGA-AN-A0XU-01	2677.24	2625.39	5302.63
TCGA-AN-A0XV-01	3755.63	2483.15	6238.77
TCGA-AN-A0XW-01	4113.66	3718.6	7832.27
TCGA-AO-A03L-01	3749.68	2723.05	6472.73
TCGA-AO-A03M-01	3397.29	3334.45	6731.74
TCGA-AO-A03N-01	3310.56	1275.1	4585.66
TCGA-AO-A03O-01	3010.18	2812.81	5822.99
TCGA-AO-A03P-01	3096.12	1539.77	4635.9
TCGA-AO-A03R-01	3236.54	2802.01	6038.56
TCGA-AO-A03T-01	3032.78	2105.18	5137.95
TCGA-AO-A03U-01	3860.71	3636.73	7497.44
TCGA-AO-A03V-01	3356.42	1734.52	5090.94
TCGA-AO-A0J2-01	2977.67	2690.43	5668.09
TCGA-AO-A0J3-01	1935.91	953.59	2889.5
TCGA-AO-A0J4-01	3472.37	3410.92	6883.29
TCGA-AO-A0J5-01	4013.99	2251.03	6265.02
TCGA-AO-A0J6-01	2208.04	3038.39	5246.43
TCGA-AO-A0J7-01	2812.11	1119.35	3931.46
TCGA-AO-A0J8-01	3568.54	2778.1	6346.64
TCGA-AO-A0J9-01	3897.86	3214.02	7111.87
TCGA-AO-A0JA-01	3916.18	2814.15	6730.33
TCGA-AO-A0JB-01	3058.82	1977.79	5036.61
TCGA-AO-A0JD-01	2639.6	2315.49	4955.09
TCGA-AO-A0JE-01	4090.43	3427.28	7517.7
TCGA-AO-A0JF-01	4217.67	3123.26	7340.93
TCGA-AO-A0JG-01	3799.02	3115.72	6914.75
TCGA-AO-A0JI-01	2809	1679.93	4488.93
TCGA-AO-A0JJ-01	4030.26	3481.93	7512.19
TCGA-AO-A0JL-01	2855.95	1471.23	4327.19
TCGA-AO-A0JM-01	3746.81	2279.19	6026
TCGA-AO-A124-01	2303.84	2237.15	4540.99
TCGA-AO-A125-01	1481.87	838.2	2320.07
TCGA-AO-A126-01	3809.84	2157.45	5967.29
TCGA-AO-A128-01	3320.26	4479.92	7800.18
TCGA-AO-A129-01	3532.24	3396.44	6928.69
TCGA-AO-A12A-01	3718.26	2603.5	6321.76
TCGA-AO-A12B-01	2581.23	1452.79	4034.03
TCGA-AO-A12D-01	3850.29	3471.99	7322.28
TCGA-AO-A12E-01	3708.43	2683.8	6392.23
TCGA-AO-A12F-01	3412.39	1460.02	4872.41
TCGA-AO-A12G-01	3743.56	2024.1	5767.66
TCGA-AQ-A04H-01	3071.32	1752.42	4823.74
TCGA-AQ-A04J-01	3822.58	3686.25	7508.83
TCGA-AQ-A04L-01	3353.81	1694.88	5048.69
TCGA-AR-A0TP-01	2344.31	903.12	3247.43
TCGA-AR-A0TQ-01	3632.84	3257.87	6890.72
TCGA-AR-A0TR-01	1756.4	1623.89	3380.29
TCGA-AR-A0TS-01	3718.05	3939.27	7657.31
TCGA-AR-A0TT-01	4003.16	4162.48	8165.63
TCGA-AR-A0TU-01	2310.74	2957.2	5267.94
TCGA-AR-A0TV-01	2907.88	3052.25	5960.14
TCGA-AR-A0TW-01	3337.61	3182.67	6520.28
TCGA-AR-A0TX-01	3843.1	3530.89	7373.99
TCGA-AR-A0TY-01	3067.18	1457.13	4524.31
TCGA-AR-A0TZ-01	3297.51	1631.41	4928.92
TCGA-AR-A0U0-01	3165.54	3405.85	6571.39
TCGA-AR-A0U1-01	3359.37	2607.11	5966.48
TCGA-AR-A0U2-01	3020.09	2612.55	5632.63
TCGA-AR-A0U3-01	2824.73	2153.31	4978.04
TCGA-AR-A0U4-01	3266.99	3897.11	7164.11
TCGA-AR-A1AH-01	2739.07	974.07	3713.14
TCGA-AR-A1AI-01	2668.78	3569.75	6238.53
TCGA-AR-A1AJ-01	3852.87	4163.99	8016.86
TCGA-AR-A1AK-01	3812.71	3494.35	7307.06
TCGA-AR-A1AL-01	4078.33	2706.13	6784.46
TCGA-AR-A1AN-01	3806.88	2704.01	6510.9
TCGA-AR-A1AP-01	3609.15	2779.32	6388.46
TCGA-AR-A1AQ-01	3626.16	3688.55	7314.72
TCGA-AR-A1AR-01	3930.38	3889.14	7819.52
TCGA-AR-A1AS-01	2954.3	1424.99	4379.29
TCGA-AR-A1AU-01	3656.92	2123.44	5780.36
TCGA-AR-A1AV-01	3900.63	4403.97	8304.6
TCGA-AR-A1AW-01	3304.63	1900.72	5205.35
TCGA-AR-A1AX-01	3928.1	3913.13	7841.23
TCGA-AR-A1AY-01	2960.39	1906.84	4867.23
TCGA-B6-A0I2-01	2717.6	3429.97	6147.56
TCGA-B6-A0I5-01	3428.93	2177.89	5606.81
TCGA-B6-A0I9-01	3249.31	2279.49	5528.81
TCGA-B6-A0IA-01	2066.75	892.48	2959.23
TCGA-B6-A0IB-01	2708.81	723.68	3432.49
TCGA-B6-A0IC-01	1434.52	1140.3	2574.83
TCGA-B6-A0IE-01	3328.05	1204.23	4532.28
TCGA-B6-A0IG-01	3102.12	1606.1	4708.22
TCGA-B6-A0IH-01	3995.57	3017.06	7012.64
TCGA-B6-A0IJ-01	2780	3673.07	6453.07
TCGA-B6-A0IK-01	3102.45	2030.71	5133.16
TCGA-B6-A0IM-01	3663.75	1990.32	5654.07
TCGA-B6-A0IN-01	3716.65	3007.69	6724.33
TCGA-B6-A0IO-01	2692.15	1926.31	4618.46
TCGA-B6-A0IP-01	3428.14	2282.55	5710.69
TCGA-B6-A0IQ-01	2456.81	2043.91	4500.72
TCGA-B6-A0RE-01	3064.66	2118.91	5183.57
TCGA-B6-A0RG-01	2962.73	802.97	3765.7
TCGA-B6-A0RH-01	3543.62	1823.81	5367.42
TCGA-B6-A0RI-01	3741.43	2248.2	5989.63
TCGA-B6-A0RL-01	692.48	273.94	966.42
TCGA-B6-A0RM-01	2761.27	1258.09	4019.36
TCGA-B6-A0RN-01	3611.36	1403.78	5015.15
TCGA-B6-A0RO-01	2834.02	1508.95	4342.98
TCGA-B6-A0RP-01	3930.75	2814.6	6745.34
TCGA-B6-A0RS-01	3554.34	2974.1	6528.44
TCGA-B6-A0RT-01	3939.48	4491.08	8430.56
TCGA-B6-A0RU-01	3569.15	1741.97	5311.11
TCGA-B6-A0RV-01	3517.35	2802.01	6319.36
TCGA-B6-A0WS-01	3968.3	3412.75	7381.06
TCGA-B6-A0WT-01	3736.68	2040.43	5777.12
TCGA-B6-A0WV-01	2778.9	643.29	3422.19
TCGA-B6-A0WW-01	3379.17	1669.33	5048.5
TCGA-B6-A0WX-01	3944.2	2688.32	6632.52
TCGA-B6-A0WY-01	3787.79	2482.32	6270.1
TCGA-B6-A0WZ-01	3180.59	1282.82	4463.41
TCGA-B6-A0X0-01	2540.11	1442.06	3982.16
TCGA-B6-A0X1-01	2410.69	3011.98	5422.67
TCGA-B6-A0X4-01	1802.89	322.59	2125.47
TCGA-B6-A0X5-01	2766.51	1169.42	3935.94
TCGA-B6-A0X7-01	3733.74	1496.93	5230.67
TCGA-BH-A0AU-01	3848.25	2637.02	6485.27
TCGA-BH-A0AV-01	3978.98	2773.47	6752.44
TCGA-BH-A0AW-01	3670.89	3603.59	7274.49
TCGA-BH-A0AY-01	4122.71	3012.1	7134.81
TCGA-BH-A0AZ-01	4095.88	2479.42	6575.31
TCGA-BH-A0B0-01	3950.64	3073.57	7024.22
TCGA-BH-A0B3-01	3667.58	3266.62	6934.2
TCGA-BH-A0B4-01	3964.69	2577.21	6541.89
TCGA-BH-A0B7-01	4007.83	3556.74	7564.57
TCGA-BH-A0B9-01	2324.17	3406.71	5730.88
TCGA-BH-A0BA-01	3827.99	2891.84	6719.83
TCGA-BH-A0BC-01	3962.86	3415.99	7378.84
TCGA-BH-A0BD-01	3872.65	2990.75	6863.41
TCGA-BH-A0BF-01	4180.61	3935.96	8116.58
TCGA-BH-A0BG-01	3364.99	3232.56	6597.55
TCGA-BH-A0BJ-01	3898.59	2676.94	6575.53
TCGA-BH-A0BM-01	3687.11	1838.3	5525.41
TCGA-BH-A0BO-01	4052.64	3054.34	7106.98
TCGA-BH-A0BP-01	4120.86	2459.2	6580.07
TCGA-BH-A0BQ-01	3992.23	3003.6	6995.83
TCGA-BH-A0BR-01	4160.2	3099.78	7259.98
TCGA-BH-A0BS-01	3403.93	2048.09	5452.02
TCGA-BH-A0BT-01	2575.65	1524.73	4100.38
TCGA-BH-A0BV-01	3673.18	3029.14	6702.31
TCGA-BH-A0BW-01	3178.77	3552.49	6731.26
TCGA-BH-A0BZ-01	3912.13	3502.83	7414.96
TCGA-BH-A0C0-01	3390.81	3964.06	7354.87
TCGA-BH-A0C1-01	3827.28	2876.14	6703.42
TCGA-BH-A0C3-01	4069.94	3078.3	7148.24
TCGA-BH-A0C7-01	3539.79	2366.04	5905.84
TCGA-BH-A0DD-01	3327.7	2239.59	5567.29
TCGA-BH-A0DE-01	3975.23	2940.41	6915.65
TCGA-BH-A0DG-01	4098.94	2987.53	7086.47
TCGA-BH-A0DH-01	3295.11	2223.16	5518.27
TCGA-BH-A0DI-01	4134.73	3058.3	7193.03
TCGA-BH-A0DK-01	4029.01	3471.28	7500.29
TCGA-BH-A0DL-01	3155.11	3492.51	6647.62
TCGA-BH-A0DO-01	3441.04	1793.85	5234.89
TCGA-BH-A0DP-01	3877.32	2975.55	6852.86
TCGA-BH-A0DQ-01	4090.29	2453.64	6543.93
TCGA-BH-A0DS-01	3553.61	2438.04	5991.65
TCGA-BH-A0DX-01	4098.66	3344.72	7443.38
TCGA-BH-A0DZ-01	3920.4	2853.29	6773.7
TCGA-BH-A0E0-01	2312.34	1851.51	4163.84
TCGA-BH-A0E1-01	3313.44	1451.47	4764.9
TCGA-BH-A0E2-01	3695.04	2036.41	5731.45
TCGA-BH-A0E6-01	3294.37	2320.36	5614.73
TCGA-BH-A0E7-01	3230.71	1147.86	4378.57
TCGA-BH-A0E9-01	3417.39	2398.22	5815.61
TCGA-BH-A0EA-01	3874.41	2481.07	6355.49
TCGA-BH-A0EB-01	3962.08	3347.74	7309.83
TCGA-BH-A0EE-01	1952.93	2306.2	4259.13
TCGA-BH-A0EI-01	3845.37	2470.33	6315.7
TCGA-BH-A0GY-01	3574.33	2579.75	6154.08
TCGA-BH-A0GZ-01	3735.97	1548.41	5284.38
TCGA-BH-A0H0-01	2658.03	1535	4193.02
TCGA-BH-A0H3-01	3930.57	2792.76	6723.34
TCGA-BH-A0H6-01	3662.03	1468.46	5130.49
TCGA-BH-A0H7-01	3686.98	2044.61	5731.59
TCGA-BH-A0H9-01	3232.38	1766.19	4998.57
TCGA-BH-A0HA-01	4016.74	2705.32	6722.06
TCGA-BH-A0HB-01	3517.52	2879.77	6397.29
TCGA-BH-A0HI-01	3816.15	2374.01	6190.16
TCGA-BH-A0HK-01	3531.65	2204.36	5736
TCGA-BH-A0HO-01	3497.68	2728.84	6226.52
TCGA-BH-A0HP-01	3753.42	2526.63	6280.05
TCGA-BH-A0HQ-01	3725.73	1962.55	5688.28
TCGA-BH-A0HU-01	3023.79	1628.23	4652.02
TCGA-BH-A0HW-01	1916.53	377.86	2294.39
TCGA-BH-A0HX-01	3771.11	2271.97	6043.08
TCGA-BH-A0HY-01	3398.59	1336.26	4734.85
TCGA-BH-A0RX-01	4036.5	3731.41	7767.9
TCGA-BH-A0W3-01	2707.51	2194.24	4901.75
TCGA-BH-A0W4-01	3737.76	1710.35	5448.11
TCGA-BH-A0W5-01	4065.99	3782.09	7848.09
TCGA-BH-A0W7-01	4161.58	3414.66	7576.25
TCGA-BH-A0WA-01	3392.16	2516.04	5908.2
TCGA-BH-A18F-01	3970.16	2844.22	6814.38
TCGA-BH-A18G-01	3050.17	2068.26	5118.44
TCGA-BH-A18H-01	3462.8	3532.87	6995.67
TCGA-BH-A18I-01	4141.06	3192.27	7333.33
TCGA-BH-A18J-01	3672.15	2032.54	5704.69
TCGA-BH-A18K-01	2856.03	2264.76	5120.79
TCGA-BH-A18L-01	2645.07	1650.88	4295.95
TCGA-BH-A18M-01	3977.74	2615.52	6593.26
TCGA-BH-A18N-01	3289.12	1650.63	4939.75
TCGA-BH-A18P-01	3553.43	2237.55	5790.98
TCGA-BH-A18Q-01	2811.58	2718.23	5529.81
TCGA-BH-A18R-01	3288.29	2339.05	5627.33
TCGA-BH-A18S-01	2569.79	1870.89	4440.68
TCGA-BH-A18T-01	3836.82	1921.23	5758.06
TCGA-BH-A18U-01	3452.12	2455.59	5907.71
TCGA-BH-A18V-01	3584.55	3116.58	6701.13
TCGA-BH-A1EO-01	4295.04	3121.89	7416.93
TCGA-BH-A1ES-01	3549.79	1039.5	4589.29
TCGA-BH-A1ET-01	3573.73	2417.64	5991.37
TCGA-BH-A1EU-01	4105	3686.55	7791.55
TCGA-BH-A1EV-01	3551.03	1688.2	5239.24
TCGA-BH-A1EW-01	3582.65	3125.5	6708.15
TCGA-BH-A1F0-01	3980.97	4067.11	8048.08
TCGA-C8-A12K-01	3625.83	3871.73	7497.56
TCGA-C8-A12L-01	3069.11	2202.8	5271.91
TCGA-C8-A12M-01	2738.59	1840.98	4579.57
TCGA-C8-A12N-01	3704.14	2585.23	6289.36
TCGA-C8-A12P-01	3596.7	2617.57	6214.26
TCGA-C8-A12Q-01	3765.58	2740.7	6506.29
TCGA-C8-A12T-01	3834.54	2368.06	6202.6
TCGA-C8-A12U-01	2475.09	2623.03	5098.12
TCGA-C8-A12V-01	3720.24	4256.96	7977.2
TCGA-C8-A12W-01	3882.71	2974.85	6857.56
TCGA-C8-A12X-01	3039.44	2072.71	5112.15
TCGA-C8-A12Y-01	3601.55	1885.85	5487.4
TCGA-C8-A12Z-01	3186.68	1436.58	4623.26
TCGA-C8-A130-01	3688.29	2184.9	5873.2
TCGA-C8-A131-01	3626.37	2521.47	6147.84
TCGA-C8-A132-01	4045.26	3411.08	7456.35
TCGA-C8-A133-01	1403.45	1120.57	2524.02
TCGA-C8-A134-01	3346.41	3016.95	6363.37
TCGA-C8-A135-01	3729.73	2700.23	6429.96
TCGA-C8-A137-01	3170.97	977.61	4148.58
TCGA-C8-A138-01	3814.93	3281.49	7096.42
TCGA-C8-A1HF-01	3837.77	3283.25	7121.02
TCGA-C8-A1HG-01	3661.03	3240.91	6901.94
TCGA-C8-A1HI-01	3384.97	1665.99	5050.96
TCGA-C8-A1HL-01	3514.54	2308.58	5823.12
TCGA-C8-A1HM-01	3026.25	3907.99	6934.24
TCGA-C8-A1HN-01	3275.43	2217.23	5492.66
TCGA-D8-A13Y-01	2742.35	373.59	3115.94
TCGA-D8-A13Z-01	3691.91	3119.19	6811.1
TCGA-D8-A141-01	4247.67	3876.89	8124.57
TCGA-D8-A142-01	3871.34	2767.52	6638.86
TCGA-D8-A143-01	2998.11	2516.44	5514.56
TCGA-D8-A145-01	3896.5	2730.98	6627.49
TCGA-D8-A146-01	3953.64	2774.76	6728.4
TCGA-D8-A147-01	3005.48	2916.2	5921.68
TCGA-E2-A105-01	3035.66	1317.47	4353.13
TCGA-E2-A107-01	2897.23	1628.02	4525.25
TCGA-E2-A108-01	4377.91	4109.85	8487.77
TCGA-E2-A109-01	3447.15	2146.76	5593.91
TCGA-E2-A10A-01	3486.25	2352.14	5838.39
TCGA-E2-A10B-01	3730.86	2600.79	6331.65
TCGA-E2-A10C-01	3175.54	2837.36	6012.9
TCGA-E2-A10E-01	3302.1	2196.22	5498.32
TCGA-E2-A10F-01	4091.15	3342.72	7433.86
TCGA-E2-A14N-01	2456.34	2634.01	5090.35
TCGA-E2-A14O-01	2900.72	1843.87	4744.59
TCGA-E2-A14P-01	2721.32	2472.1	5193.42
TCGA-E2-A14Q-01	3229.61	1805.66	5035.27
TCGA-E2-A14R-01	3033.78	3112.34	6146.12
TCGA-E2-A14S-01	3233.55	2669.01	5902.56
TCGA-E2-A14V-01	3182.59	1383.32	4565.92
TCGA-E2-A14W-01	2841.79	690.25	3532.04
TCGA-E2-A14X-01	3285.63	3120.58	6406.21
TCGA-E2-A14Y-01	2641.93	1811.85	4453.78
TCGA-E2-A14Z-01	3893.51	3548.61	7442.12
TCGA-E2-A150-01	3592.41	2974.24	6566.66
TCGA-E2-A152-01	3759.87	2363.24	6123.11
TCGA-E2-A153-01	4144.04	2698.16	6842.2
TCGA-E2-A154-01	3542.84	1391.33	4934.16
TCGA-E2-A155-01	2687.54	885.14	3572.68
TCGA-E2-A156-01	2409.14	1314.91	3724.05
TCGA-E2-A158-01	1806.42	1211.32	3017.73
TCGA-E2-A15C-01	3812.1	2232.2	6044.3
TCGA-E2-A15G-01	2953.64	1727.81	4681.45
TCGA-E2-A15H-01	3229.06	1535.88	4764.94
TCGA-E2-A15I-01	3583.44	2931.03	6514.47
TCGA-E2-A15J-01	2868.37	1467.14	4335.51
TCGA-E2-A15L-01	3492.26	1683.29	5175.56
TCGA-E2-A15M-01	4171.59	3935.59	8107.17
TCGA-E2-A15O-01	3011.64	1767.3	4778.94
TCGA-E2-A15P-01	3583.17	1773.92	5357.09
TCGA-E2-A15R-01	3040.03	511.18	3551.21
TCGA-E2-A1AZ-01	3881.9	3512.41	7394.32
TCGA-E2-A1B0-01	3734.16	2939.93	6674.09
TCGA-E2-A1B4-01	3293	1327.6	4620.59
TCGA-E2-A1B5-01	3053.83	4194.63	7248.46
TCGA-E2-A1BC-01	3866.69	1667.73	5534.41
TCGA-E2-A1BD-01	3148.65	1420.09	4568.74
