ID	Stromal_score	Immune_score	ESTIMATE_score
TCGA-3C-AAAU-01	-711.41	-906.98	-1618.39
TCGA-3C-AALI-01	122.66	511.24	633.91
TCGA-3C-AALJ-01	400.91	539.25	940.16
TCGA-3C-AALK-01	799.11	-3.53	795.58
TCGA-4H-AAAK-01	1075.36	-46.96	1028.4
TCGA-5L-AAT0-01	971.58	665.64	1637.22
TCGA-5L-AAT1-01	827.52	1455.62	2283.14
TCGA-5T-A9QA-01	-1674.49	-811.78	-2486.27
TCGA-A1-A0SB-01	-388.55	-1442.61	-1831.17
TCGA-A1-A0SD-01	770.64	-118.58	652.07
TCGA-A1-A0SE-01	507.45	-620.1	-112.65
TCGA-A1-A0SF-01	426.71	278.65	705.36
TCGA-A1-A0SG-01	543.6	28.79	572.39
TCGA-A1-A0SH-01	1473.77	-88.73	1385.04
TCGA-A1-A0SI-01	1266.2	529.58	1795.78
TCGA-A1-A0SJ-01	417.39	-341.85	75.54
TCGA-A1-A0SK-01	-1444.19	-1724.48	-3168.67
TCGA-A1-A0SM-01	792.59	-29.38	763.21
TCGA-A1-A0SN-01	773.09	587.71	1360.8
TCGA-A1-A0SO-01	-1275.66	-1030.12	-2305.78
TCGA-A1-A0SP-01	-216.6	410.25	193.65
TCGA-A1-A0SQ-01	-234.57	-309.06	-543.63
TCGA-A2-A04N-01	759.29	-316.92	442.36
TCGA-A2-A04P-01	210.06	612.75	822.81
TCGA-A2-A04Q-01	808.6	2360.18	3168.79
TCGA-A2-A04R-01	-56.75	-1053.1	-1109.85
TCGA-A2-A04T-01	-400.76	531.86	131.1
TCGA-A2-A04U-01	-358.82	-803.09	-1161.91
TCGA-A2-A04V-01	671.73	-87.84	583.89
TCGA-A2-A04W-01	521.28	-192.63	328.65
TCGA-A2-A04X-01	121.42	1133.5	1254.92
TCGA-A2-A04Y-01	252.7	750.77	1003.48
TCGA-A2-A0CK-01	380.17	122.46	502.64
TCGA-A2-A0CL-01	1291.78	2348.65	3640.43
TCGA-A2-A0CM-01	535.28	1127.66	1662.93
TCGA-A2-A0CO-01	1069.69	1356.62	2426.31
TCGA-A2-A0CP-01	953.35	-167.82	785.54
TCGA-A2-A0CQ-01	-297.98	292.46	-5.52
TCGA-A2-A0CR-01	970.94	2460.71	3431.64
TCGA-A2-A0CS-01	503.92	29.09	533.01
TCGA-A2-A0CT-01	-370.98	-614.99	-985.97
TCGA-A2-A0CU-01	113.75	-651.62	-537.87
TCGA-A2-A0CV-01	749.97	391.61	1141.58
TCGA-A2-A0CW-01	-639.02	20.51	-618.5
TCGA-A2-A0CX-01	895.49	477.76	1373.25
TCGA-A2-A0CY-01	-1117.64	-1004.53	-2122.17
TCGA-A2-A0CZ-01	1402.9	583.55	1986.45
TCGA-A2-A0D0-01	-1120.09	353.47	-766.61
TCGA-A2-A0D1-01	-438.28	-890.63	-1328.92
TCGA-A2-A0D2-01	24.72	458.37	483.08
TCGA-A2-A0D3-01	-370.54	-48.67	-419.21
TCGA-A2-A0D4-01	-529.16	-994.45	-1523.6
TCGA-A2-A0EM-01	586.58	-360.21	226.37
TCGA-A2-A0EN-01	1473.56	1633.7	3107.26
TCGA-A2-A0EO-01	1155.06	337.04	1492.1
TCGA-A2-A0EP-01	1869.06	2698.82	4567.88
TCGA-A2-A0EQ-01	180.96	1791.19	1972.15
TCGA-A2-A0ER-01	-326.4	-294.16	-620.56
TCGA-A2-A0ES-01	963.35	128.71	1092.06
TCGA-A2-A0ET-01	-836.22	-58.61	-894.82
TCGA-A2-A0EU-01	65.65	-551.43	-485.78
TCGA-A2-A0EV-01	845.97	511.23	1357.2
TCGA-A2-A0EW-01	1269.96	416.37	1686.33
TCGA-A2-A0EX-01	880.19	-99.27	780.92
TCGA-A2-A0EY-01	187.12	317.82	504.93
TCGA-A2-A0ST-01	517.36	2663.48	3180.84
TCGA-A2-A0SU-01	302.4	-94.56	207.85
TCGA-A2-A0SV-01	671.55	721.39	1392.94
TCGA-A2-A0SW-01	649.21	1168.8	1818.01
TCGA-A2-A0SX-01	769.96	1405.33	2175.29
TCGA-A2-A0SY-01	1116.28	639.4	1755.68
TCGA-A2-A0T0-01	224.7	-42.51	182.19
TCGA-A2-A0T1-01	1312.59	1649.78	2962.36
TCGA-A2-A0T2-01	-39.51	-33.56	-73.08
TCGA-A2-A0T3-01	-364.42	-954.24	-1318.66
TCGA-A2-A0T4-01	1123.82	576.88	1700.7
TCGA-A2-A0T5-01	226.23	-412.75	-186.51
TCGA-A2-A0T6-01	1606.45	844.09	2450.54
TCGA-A2-A0T7-01	616.69	-73.54	543.15
TCGA-A2-A0YC-01	587.49	40.33	627.83
TCGA-A2-A0YD-01	1403.21	682.19	2085.4
TCGA-A2-A0YE-01	-156.96	-685.07	-842.03
TCGA-A2-A0YF-01	26.57	208.33	234.9
TCGA-A2-A0YG-01	-335.88	-424.97	-760.86
TCGA-A2-A0YH-01	1041.77	1153.49	2195.27
TCGA-A2-A0YI-01	988.73	1265.78	2254.51
TCGA-A2-A0YJ-01	-745.32	-807.67	-1552.99
TCGA-A2-A0YK-01	1199.18	1564.31	2763.5
TCGA-A2-A0YL-01	790.02	96.82	886.84
TCGA-A2-A0YM-01	21.68	594.53	616.21
TCGA-A2-A0YT-01	-306.96	-375.68	-682.63
TCGA-A2-A1FV-01	66.32	-1048.11	-981.79
TCGA-A2-A1FW-01	181	-608.7	-427.7
TCGA-A2-A1FX-01	591.56	97.28	688.84
TCGA-A2-A1FZ-01	1029.35	313.26	1342.62
TCGA-A2-A1G0-01	896.74	301.52	1198.26
TCGA-A2-A1G1-01	786.04	863.39	1649.43
TCGA-A2-A1G4-01	-509.68	-338.32	-848
TCGA-A2-A1G6-01	467.93	-37.2	430.73
TCGA-A2-A259-01	611.35	335.96	947.3
TCGA-A2-A25A-01	1312.71	525.32	1838.03
TCGA-A2-A25B-01	527.55	129.23	656.78
TCGA-A2-A25C-01	586.96	-101.15	485.81
TCGA-A2-A25D-01	403.76	1381.98	1785.73
TCGA-A2-A25E-01	-1.37	-533.28	-534.65
TCGA-A2-A25F-01	2006.3	2970.6	4976.9
TCGA-A2-A3KC-01	1013.74	207.41	1221.16
TCGA-A2-A3KD-01	92.38	-240.03	-147.65
TCGA-A2-A3XS-01	-31.18	189.05	157.87
TCGA-A2-A3XT-01	119.83	1196.07	1315.9
TCGA-A2-A3XU-01	-1331.32	-1104.34	-2435.66
TCGA-A2-A3XV-01	29.14	-73.03	-43.9
TCGA-A2-A3XW-01	486.77	787.91	1274.68
TCGA-A2-A3XX-01	-77	180.69	103.7
TCGA-A2-A3XY-01	990.9	950.79	1941.69
TCGA-A2-A3XZ-01	-122.69	1344.32	1221.63
TCGA-A2-A3Y0-01	-538.28	853.18	314.91
TCGA-A2-A4RW-01	596.39	-75.56	520.84
TCGA-A2-A4RX-01	963.21	224.14	1187.35
TCGA-A2-A4RY-01	778.56	183.49	962.05
TCGA-A2-A4S0-01	-638.84	-716.3	-1355.14
TCGA-A2-A4S1-01	1468.58	1482.87	2951.45
TCGA-A2-A4S2-01	552.52	764.4	1316.92
TCGA-A2-A4S3-01	-163.58	378.12	214.55
TCGA-A7-A0CD-01	-68.85	-733.57	-802.42
TCGA-A7-A0CE-01	-522.95	-580.55	-1103.49
TCGA-A7-A0CG-01	1132.01	839.09	1971.1
TCGA-A7-A0CH-01	239.09	-495.69	-256.59
TCGA-A7-A0CJ-01	-564.68	-528.54	-1093.22
TCGA-A7-A0D9-01	-5.99	-907.22	-913.21
TCGA-A7-A0DA-01	322.26	-521.03	-198.77
TCGA-A7-A0DB-01	746.24	217.72	963.97
TCGA-A7-A13D-01	-136.46	-740.09	-876.54
TCGA-A7-A13E-01	-317.31	-875.75	-1193.06
TCGA-A7-A13F-01	-40.04	-273.79	-313.83
TCGA-A7-A13G-01	-296.79	-856.17	-1152.96
TCGA-A7-A13H-01	635.21	1037.45	1672.67
TCGA-A7-A26E-01	794.5	-258.04	536.46
TCGA-A7-A26F-01	959.36	726.35	1685.71
TCGA-A7-A26G-01	1546.49	816.68	2363.16
TCGA-A7-A26H-01	900.01	289.69	1189.7
TCGA-A7-A26I-01	783.72	-68.89	714.83
TCGA-A7-A26J-01	660.39	-89.11	571.28
TCGA-A7-A2KD-01	774.3	556.41	1330.71
TCGA-A7-A3IY-01	762.73	926.08	1688.82
TCGA-A7-A3IZ-01	-522.49	-549.2	-1071.69
TCGA-A7-A3J0-01	-796.36	-135.07	-931.44
TCGA-A7-A3J1-01	817.99	1195.31	2013.3
TCGA-A7-A3RF-01	-385.89	-914.29	-1300.18
TCGA-A7-A425-01	686.94	435.84	1122.78
TCGA-A7-A426-01	603.19	-54.18	549.01
TCGA-A7-A4SA-01	697.42	1056.36	1753.78
TCGA-A7-A4SB-01	56.26	-789.99	-733.73
TCGA-A7-A4SC-01	666.41	110.1	776.51
TCGA-A7-A4SD-01	349.33	828.8	1178.13
TCGA-A7-A4SE-01	614.88	-143.42	471.46
TCGA-A7-A4SF-01	-307.99	-190.34	-498.33
TCGA-A7-A56D-01	721.47	555.22	1276.68
TCGA-A7-A5ZV-01	-434.88	83.58	-351.29
TCGA-A7-A5ZW-01	1177.05	166.11	1343.16
TCGA-A7-A5ZX-01	672.58	-513.41	159.16
TCGA-A7-A6VV-01	804.81	491.18	1296
TCGA-A7-A6VW-01	-243.09	272.46	29.37
TCGA-A7-A6VX-01	471.68	-299.3	172.38
TCGA-A7-A6VY-01	402.69	928.99	1331.68
TCGA-A8-A06N-01	-1654.06	-956.23	-2610.28
TCGA-A8-A06O-01	338.75	-67.76	270.99
TCGA-A8-A06P-01	1212.76	11.02	1223.79
TCGA-A8-A06Q-01	-1162.51	-885.77	-2048.28
TCGA-A8-A06R-01	951.37	448.06	1399.43
TCGA-A8-A06T-01	181.49	-65.58	115.91
TCGA-A8-A06U-01	-246.76	100.38	-146.38
TCGA-A8-A06X-01	125.65	12.88	138.53
TCGA-A8-A06Y-01	-947.88	-917.91	-1865.79
TCGA-A8-A06Z-01	-770.24	-578.96	-1349.2
TCGA-A8-A075-01	474.97	467.85	942.82
TCGA-A8-A076-01	727.76	68.49	796.26
TCGA-A8-A079-01	-428.48	-244.84	-673.33
TCGA-A8-A07B-01	511.93	-417.84	94.09
TCGA-A8-A07C-01	-39.64	296.22	256.58
TCGA-A8-A07E-01	1311.17	275.71	1586.88
TCGA-A8-A07F-01	321.46	13.65	335.11
TCGA-A8-A07G-01	1093.36	20.73	1114.09
TCGA-A8-A07I-01	932.72	321.79	1254.51
TCGA-A8-A07J-01	1649.58	1075.09	2724.67
TCGA-A8-A07L-01	88.58	-834.61	-746.03
TCGA-A8-A07O-01	-411.82	213.78	-198.04
TCGA-A8-A07P-01	367.59	-55.76	311.83
TCGA-A8-A07R-01	-785.39	-654.58	-1439.98
TCGA-A8-A07S-01	35.23	-251.61	-216.38
TCGA-A8-A07U-01	731.24	1861.69	2592.94
TCGA-A8-A07W-01	258.41	99.08	357.49
TCGA-A8-A07Z-01	-431.03	100.39	-330.65
TCGA-A8-A081-01	-471.76	631.25	159.49
TCGA-A8-A082-01	177.17	-82.99	94.18
TCGA-A8-A083-01	-934.11	-622.65	-1556.76
TCGA-A8-A084-01	63.84	-557.03	-493.2
TCGA-A8-A085-01	174.09	-1063.66	-889.57
TCGA-A8-A086-01	772.88	-387.05	385.82
TCGA-A8-A08A-01	463.57	311.53	775.1
TCGA-A8-A08B-01	-681.99	45.56	-636.43
TCGA-A8-A08C-01	-176.41	-518.31	-694.71
TCGA-A8-A08F-01	714.08	955.53	1669.61
TCGA-A8-A08G-01	277.44	-10.29	267.16
TCGA-A8-A08H-01	1884.68	2180.04	4064.72
TCGA-A8-A08I-01	-48.79	1711.49	1662.7
TCGA-A8-A08J-01	560.88	-88	472.88
TCGA-A8-A08L-01	-13.66	486.35	472.69
TCGA-A8-A08O-01	357.71	-877.47	-519.76
TCGA-A8-A08P-01	903.16	1258.77	2161.93
TCGA-A8-A08R-01	415.11	893.45	1308.56
TCGA-A8-A08S-01	-69.65	-273.56	-343.21
TCGA-A8-A08T-01	250.28	-383.51	-133.23
TCGA-A8-A08X-01	1001.98	794.39	1796.37
TCGA-A8-A08Z-01	1469.66	712.06	2181.72
TCGA-A8-A090-01	563.31	346.48	909.79
TCGA-A8-A091-01	91.42	-353.82	-262.4
TCGA-A8-A092-01	34.44	-284.41	-249.97
TCGA-A8-A093-01	541.96	-775.71	-233.75
TCGA-A8-A094-01	507.61	1005.93	1513.55
TCGA-A8-A095-01	137.97	-319.45	-181.48
TCGA-A8-A096-01	1307.14	1307.6	2614.74
TCGA-A8-A097-01	837.22	109.7	946.92
TCGA-A8-A099-01	124.03	-144.85	-20.82
TCGA-A8-A09A-01	765.22	-4.34	760.88
TCGA-A8-A09B-01	324.4	-403.81	-79.41
TCGA-A8-A09C-01	29.95	-821.87	-791.92
TCGA-A8-A09D-01	1423.9	480.05	1903.95
TCGA-A8-A09E-01	-364.15	-680.44	-1044.59
TCGA-A8-A09G-01	9.76	535.75	545.51
TCGA-A8-A09I-01	325.38	590.06	915.44
TCGA-A8-A09K-01	-778.11	178.77	-599.34
TCGA-A8-A09M-01	85.69	643.85	729.55
TCGA-A8-A09N-01	186.13	-285.47	-99.34
TCGA-A8-A09Q-01	754.29	935.64	1689.93
TCGA-A8-A09R-01	685.04	547	1232.04
TCGA-A8-A09T-01	382.31	-162.64	219.67
TCGA-A8-A09V-01	560.48	-717.91	-157.43
TCGA-A8-A09W-01	577.21	44.56	621.77
TCGA-A8-A09X-01	949.3	1204.71	2154.01
TCGA-A8-A09Z-01	-246.93	726.31	479.38
TCGA-A8-A0A1-01	1080.32	1224.44	2304.76
TCGA-A8-A0A2-01	622.41	158.53	780.95
TCGA-A8-A0A4-01	516.81	-673.59	-156.78
TCGA-A8-A0A6-01	559.76	1216.3	1776.07
TCGA-A8-A0A7-01	1469.22	2357.55	3826.77
TCGA-A8-A0A9-01	389.67	-64.79	324.88
TCGA-A8-A0AB-01	-285.17	-1170.34	-1455.5
TCGA-A8-A0AD-01	868.86	403.19	1272.05
TCGA-AC-A23C-01	644.89	305.15	950.04
TCGA-AC-A23E-01	1574.24	275.95	1850.19
TCGA-AC-A23G-01	1702.15	541.65	2243.8
TCGA-AC-A23H-01	45.03	-631.15	-586.12
TCGA-AC-A2B8-01	1202.58	623.72	1826.3
TCGA-AC-A2BK-01	-1450.61	-1111.27	-2561.89
TCGA-AC-A2BM-01	-44.57	208.96	164.4
TCGA-AC-A2FB-01	790.3	1925.47	2715.77
TCGA-AC-A2FE-01	1036.09	1530.43	2566.51
TCGA-AC-A2FF-01	1598.17	845.71	2443.88
TCGA-AC-A2FG-01	240.7	-405.14	-164.45
TCGA-AC-A2FK-01	363.42	1.21	364.63
TCGA-AC-A2FM-01	-232.73	-946.95	-1179.68
TCGA-AC-A2FO-01	1050.29	1031.93	2082.21
TCGA-AC-A2QH-01	531.08	-373.11	157.98
TCGA-AC-A2QI-01	872.64	481.79	1354.43
TCGA-AC-A2QJ-01	1184.28	1619.69	2803.98
TCGA-AC-A3BB-01	1188.94	1243.36	2432.3
TCGA-AC-A3EH-01	90.15	-183.83	-93.68
TCGA-AC-A3HN-01	1367.83	710.33	2078.16
TCGA-AC-A3OD-01	554.52	1313.18	1867.7
TCGA-AC-A3QP-01	944.07	779.54	1723.61
TCGA-AC-A3QQ-01	136.95	372.77	509.72
TCGA-AC-A3TM-01	54.29	231.1	285.39
TCGA-AC-A3TN-01	-44.43	-371.27	-415.69
TCGA-AC-A3W5-01	1352.19	1276.69	2628.88
TCGA-AC-A3W6-01	1451.65	1070.96	2522.61
TCGA-AC-A3W7-01	476.46	-341.41	135.05
TCGA-AC-A3YI-01	1059.51	210.56	1270.06
TCGA-AC-A3YJ-01	-482.64	281.12	-201.52
TCGA-AC-A4ZE-01	-178.67	-518.32	-696.99
TCGA-AC-A5EH-01	883.52	344.64	1228.16
TCGA-AC-A5XS-01	656.27	1020.85	1677.13
TCGA-AC-A5XU-01	396.09	-488.46	-92.37
TCGA-AC-A62V-01	81.81	-287.73	-205.92
TCGA-AC-A62X-01	-1014.85	-704.15	-1719
TCGA-AC-A62Y-01	478.06	732.47	1210.53
TCGA-AC-A6IV-01	1705.2	1314.67	3019.87
TCGA-AC-A6IW-01	-216.01	1928.49	1712.48
TCGA-AC-A6IX-06	-11.87	1297.66	1285.79
TCGA-AC-A6IX-01	1055.94	345.23	1401.17
TCGA-AC-A6NO-01	-223.99	-687.22	-911.21
TCGA-AC-A7VB-01	-1049.95	-1300.4	-2350.35
TCGA-AC-A7VC-01	826.44	199.85	1026.29
TCGA-AC-A8OP-01	380.01	-212.81	167.2
TCGA-AC-A8OQ-01	807.46	920.92	1728.38
TCGA-AC-A8OR-01	-1125.33	-219.16	-1344.49
TCGA-AC-A8OS-01	1052.35	555.49	1607.84
TCGA-AN-A03X-01	1349.36	141.92	1491.28
TCGA-AN-A03Y-01	-100.06	-76.95	-177.01
TCGA-AN-A041-01	733.24	-235.96	497.28
TCGA-AN-A046-01	751.18	937.17	1688.35
TCGA-AN-A049-01	625.9	238.71	864.62
TCGA-AN-A04A-01	833.84	-354.84	479
TCGA-AN-A04C-01	-487.04	-158.21	-645.25
TCGA-AN-A04D-01	-1212.79	-1238.49	-2451.28
TCGA-AN-A0AJ-01	162.55	776.98	939.53
TCGA-AN-A0AK-01	-581.43	-305.38	-886.81
TCGA-AN-A0AL-01	691.57	646.81	1338.38
TCGA-AN-A0AM-01	179.93	359.38	539.32
TCGA-AN-A0AR-01	-987.56	-923.78	-1911.34
TCGA-AN-A0AS-01	842.96	217.82	1060.78
TCGA-AN-A0AT-01	-700.33	-158.83	-859.16
TCGA-AN-A0FD-01	856.2	42.17	898.37
TCGA-AN-A0FF-01	451.53	470.21	921.74
TCGA-AN-A0FJ-01	66.71	-515.11	-448.4
TCGA-AN-A0FK-01	-117.21	-487.73	-604.94
TCGA-AN-A0FL-01	-767.61	-736.5	-1504.11
TCGA-AN-A0FN-01	2026.84	1625.63	3652.47
TCGA-AN-A0FS-01	816.12	-526.65	289.46
TCGA-AN-A0FT-01	615.93	51.04	666.97
TCGA-AN-A0FV-01	351.18	-645.76	-294.58
TCGA-AN-A0FW-01	275.55	-373.35	-97.81
TCGA-AN-A0FX-01	164.07	-721.47	-557.4
TCGA-AN-A0FY-01	343.99	-547.53	-203.54
TCGA-AN-A0FZ-01	71.95	-744.38	-672.44
TCGA-AN-A0G0-01	-247.04	-372.16	-619.19
TCGA-AN-A0XL-01	1039.84	-373.74	666.1
TCGA-AN-A0XN-01	1694.39	831.78	2526.17
TCGA-AN-A0XO-01	171.37	-1125.18	-953.81
TCGA-AN-A0XP-01	364.02	-411.01	-46.99
TCGA-AN-A0XR-01	-319.06	-709.59	-1028.66
TCGA-AN-A0XS-01	1046.57	576.68	1623.25
TCGA-AN-A0XT-01	-17.77	-595.42	-613.19
TCGA-AN-A0XU-01	-701.52	70.93	-630.59
TCGA-AN-A0XV-01	712.86	7.52	720.38
TCGA-AN-A0XW-01	1482.93	1249.28	2732.21
TCGA-AO-A03L-01	623.67	121.14	744.81
TCGA-AO-A03M-01	176.62	933.39	1110.01
TCGA-AO-A03N-01	288.67	-512.25	-223.58
TCGA-AO-A03O-01	-325.1	331.35	6.26
TCGA-AO-A03P-01	-50.31	-534.21	-584.52
TCGA-AO-A03R-01	-119.63	593.72	474.09
TCGA-AO-A03T-01	-428.54	27.13	-401.41
TCGA-AO-A03U-01	1003.03	1554.34	2557.37
TCGA-AO-A03V-01	-146.73	-482.27	-629.01
TCGA-AO-A0J2-01	-417.56	499.04	81.49
TCGA-AO-A0J3-01	-1128.69	-868.83	-1997.52
TCGA-AO-A0J4-01	51.08	826.43	877.51
TCGA-AO-A0J5-01	1246.38	-192.65	1053.73
TCGA-AO-A0J6-01	-826.69	751.6	-75.09
TCGA-AO-A0J7-01	-524.9	-954.38	-1479.29
TCGA-AO-A0J8-01	334.04	274.05	608.09
TCGA-AO-A0J9-01	1349.49	1230.21	2579.7
TCGA-AO-A0JA-01	1131.03	313.72	1444.74
TCGA-AO-A0JB-01	154.18	60.18	214.36
TCGA-AO-A0JC-01	649.17	3459.35	4108.51
TCGA-AO-A0JD-01	-882.93	-70.66	-953.6
TCGA-AO-A0JE-01	1378.75	1231.81	2610.56
TCGA-AO-A0JF-01	1595.16	594.69	2189.85
TCGA-AO-A0JG-01	545.3	689.07	1234.38
TCGA-AO-A0JI-01	-669.18	-626.82	-1296
TCGA-AO-A0JJ-01	1264.59	1154.41	2419
TCGA-AO-A0JL-01	-108	-571.53	-679.53
TCGA-AO-A0JM-01	603.83	-48.29	555.54
TCGA-AO-A124-01	-911.38	-268.75	-1180.13
TCGA-AO-A125-01	-1529.18	-884.59	-2413.77
TCGA-AO-A126-01	1027.58	56.43	1084.01
TCGA-AO-A128-01	527.32	2695.09	3222.41
TCGA-AO-A129-01	83.41	963.81	1047.22
TCGA-AO-A12A-01	635.43	74.66	710.09
TCGA-AO-A12B-01	-627.87	-533.01	-1160.88
TCGA-AO-A12C-01	1016.32	-530.44	485.88
TCGA-AO-A12D-01	1029.7	1182.18	2211.88
TCGA-AO-A12E-01	415.59	223.85	639.44
TCGA-AO-A12F-01	401.93	-658.47	-256.54
TCGA-AO-A12G-01	597.57	-147.46	450.11
TCGA-AO-A12H-01	-264.57	-335.75	-600.32
TCGA-AO-A1KO-01	244.68	-481.69	-237.02
TCGA-AO-A1KP-01	-564.41	-1086.54	-1650.95
TCGA-AO-A1KQ-01	139.83	482.9	622.73
TCGA-AO-A1KR-01	-1110.32	-109.51	-1219.83
TCGA-AO-A1KS-01	180.88	-314.73	-133.85
TCGA-AO-A1KT-01	563.72	-6.21	557.51
TCGA-AQ-A04H-01	-262.43	-656.31	-918.74
TCGA-AQ-A04J-01	827.3	1321.34	2148.63
TCGA-AQ-A04L-01	333.15	-286.69	46.45
TCGA-AQ-A0Y5-01	1024.64	-118.86	905.78
TCGA-AQ-A1H2-01	-360.12	-191.76	-551.88
TCGA-AQ-A1H3-01	715.26	123.41	838.68
TCGA-AQ-A54N-01	-1596.04	-462.15	-2058.19
TCGA-AQ-A54O-01	-285.54	22.99	-262.55
TCGA-AQ-A7U7-01	1584.12	2151.91	3736.03
TCGA-AR-A0TP-01	-732.05	-1126.62	-1858.67
TCGA-AR-A0TQ-01	120.08	606.16	726.24
TCGA-AR-A0TR-01	-1358.03	-555.18	-1913.21
TCGA-AR-A0TS-01	557.31	1650.26	2207.57
TCGA-AR-A0TT-01	1170.14	2091.98	3262.12
TCGA-AR-A0TU-01	-855.62	560.98	-294.64
TCGA-AR-A0TV-01	-378.9	690.88	311.99
TCGA-AR-A0TW-01	-3.57	674.02	670.45
TCGA-AR-A0TX-01	795.94	1186.29	1982.22
TCGA-AR-A0TY-01	-543.93	-706.64	-1250.57
TCGA-AR-A0TZ-01	-8.11	-565.14	-573.25
TCGA-AR-A0U0-01	-21.43	1217.69	1196.27
TCGA-AR-A0U2-01	-406.98	-74.3	-481.29
TCGA-AR-A0U3-01	-635.42	-342.14	-977.56
TCGA-AR-A0U4-01	518.78	1742.3	2261.08
TCGA-AR-A1AH-01	-586.5	-902.48	-1488.98
TCGA-AR-A1AI-01	-413.1	1270.08	856.98
TCGA-AR-A1AJ-01	1167.85	2173.73	3341.58
TCGA-AR-A1AK-01	951.06	1101.74	2052.8
TCGA-AR-A1AL-01	891.14	37.09	928.23
TCGA-AR-A1AM-01	572.18	86.13	658.31
TCGA-AR-A1AN-01	1044.95	69.81	1114.76
TCGA-AR-A1AO-01	1555.87	2294.29	3850.16
TCGA-AR-A1AP-01	465.5	362.27	827.77
TCGA-AR-A1AQ-01	275.88	1397.87	1673.75
TCGA-AR-A1AR-01	952.65	1317.93	2270.59
TCGA-AR-A1AS-01	-84.57	-367.89	-452.45
TCGA-AR-A1AT-01	367.33	1186.53	1553.87
TCGA-AR-A1AU-01	468.11	-424.9	43.22
TCGA-AR-A1AV-01	162.33	-365.19	-202.85
TCGA-AR-A1AW-01	1083.55	2632.74	3716.29
TCGA-AR-A1AX-01	838.81	1668.86	2507.67
TCGA-AR-A1AY-01	-229.77	-533.2	-762.98
TCGA-AR-A24H-01	-306.55	125.23	-181.31
TCGA-AR-A24K-01	-262.79	-995.73	-1258.52
TCGA-AR-A24L-01	894.56	-428.08	466.49
TCGA-AR-A24M-01	795.22	-179.28	615.94
TCGA-AR-A24N-01	445.86	-317.37	128.5
TCGA-AR-A24O-01	1542.66	603.02	2145.68
TCGA-AR-A24P-01	806.58	-164.58	642
TCGA-AR-A24Q-01	688.84	343.39	1032.23
TCGA-AR-A24R-01	200.11	96.66	296.78
TCGA-AR-A24S-01	1388.44	1154.86	2543.3
TCGA-AR-A24T-01	1403.52	227.25	1630.76
TCGA-AR-A24U-01	1143.42	1380.6	2524.02
TCGA-AR-A24V-01	1471.44	401.27	1872.71
TCGA-AR-A24W-01	623.74	-635.16	-11.41
TCGA-AR-A24X-01	426.23	-358.2	68.02
TCGA-AR-A24Z-01	-236.48	-400.81	-637.29
TCGA-AR-A250-01	1185.06	469.79	1654.85
TCGA-AR-A251-01	7.61	-285.79	-278.18
TCGA-AR-A252-01	1177.16	1906.76	3083.92
TCGA-AR-A254-01	1144.19	1026.77	2170.96
TCGA-AR-A255-01	1051.94	412.72	1464.66
TCGA-AR-A256-01	-226.65	-96.16	-322.81
TCGA-AR-A2LE-01	27.59	-274.29	-246.7
TCGA-AR-A2LH-01	651.21	1529.78	2181
TCGA-AR-A2LJ-01	995.9	1370.84	2366.74
TCGA-AR-A2LK-01	374.86	-52.34	322.52
TCGA-AR-A2LL-01	112.33	242.48	354.81
TCGA-AR-A2LM-01	1094.05	10.39	1104.44
TCGA-AR-A2LN-01	1349.53	340.91	1690.44
TCGA-AR-A2LO-01	731.32	794.91	1526.23
TCGA-AR-A2LQ-01	1687.29	265.81	1953.1
TCGA-AR-A2LR-01	668.71	-530.14	138.57
TCGA-AR-A5QM-01	788.35	554.56	1342.91
TCGA-AR-A5QN-01	525.88	166.71	692.59
TCGA-AR-A5QP-01	439.79	-261.58	178.21
TCGA-AR-A5QQ-01	308.91	1737.85	2046.76
TCGA-B6-A0I1-01	-1313.77	-909.61	-2223.38
TCGA-B6-A0I2-01	-522.72	1466	943.29
TCGA-B6-A0I5-01	165.57	88.6	254.16
TCGA-B6-A0I6-01	170.99	-579.36	-408.38
TCGA-B6-A0I8-01	86.54	-891.66	-805.13
TCGA-B6-A0I9-01	-502.97	-186.13	-689.1
TCGA-B6-A0IA-01	-1057.9	-691.23	-1749.13
TCGA-B6-A0IB-01	-819.27	-1158.5	-1977.78
TCGA-B6-A0IC-01	-1670.15	-859.71	-2529.86
TCGA-B6-A0IE-01	-69.67	-645.75	-715.42
TCGA-B6-A0IG-01	-258.95	-544.83	-803.77
TCGA-B6-A0IH-01	882.44	390.32	1272.76
TCGA-B6-A0IJ-01	-331.9	1413.35	1081.46
TCGA-B6-A0IK-01	-196.67	-185.74	-382.41
TCGA-B6-A0IM-01	224.43	-480.2	-255.76
TCGA-B6-A0IN-01	883.05	946.2	1829.25
TCGA-B6-A0IO-01	-707.96	-270.77	-978.73
TCGA-B6-A0IP-01	-110.59	-213.84	-324.43
TCGA-B6-A0IQ-01	-802.03	-211.72	-1013.75
TCGA-B6-A0RE-01	-417.25	-362.53	-779.78
TCGA-B6-A0RG-01	-48.3	-842.66	-890.96
TCGA-B6-A0RH-01	513.59	-271.88	241.71
TCGA-B6-A0RI-01	642.79	-156.03	486.77
TCGA-B6-A0RL-01	-2164.13	-1183.63	-3347.76
TCGA-B6-A0RM-01	-563.8	-823.69	-1387.5
TCGA-B6-A0RN-01	593.12	-681.26	-88.13
TCGA-B6-A0RO-01	-652.21	-685.74	-1337.95
TCGA-B6-A0RP-01	833.33	192.5	1025.82
TCGA-B6-A0RQ-01	-244.37	-865.94	-1110.31
TCGA-B6-A0RS-01	164.63	494.35	658.98
TCGA-B6-A0RT-01	818.94	2815.75	3634.68
TCGA-B6-A0RU-01	75.54	-755.92	-680.38
TCGA-B6-A0RV-01	-47.36	237.16	189.8
TCGA-B6-A0WS-01	806.59	843.87	1650.46
TCGA-B6-A0WT-01	547.21	-535.49	11.72
TCGA-B6-A0WV-01	-805.8	-1350.78	-2156.58
TCGA-B6-A0WW-01	213.24	-566.4	-353.16
TCGA-B6-A0WX-01	915.36	302.34	1217.7
TCGA-B6-A0WY-01	520.46	-60.86	459.6
TCGA-B6-A0WZ-01	-125.56	-743.24	-868.8
TCGA-B6-A0X0-01	-930.97	-739.43	-1670.4
TCGA-B6-A0X1-01	-765.48	551.23	-214.26
TCGA-B6-A0X4-01	-1444.94	-1325.4	-2770.34
TCGA-B6-A0X5-01	-558.84	-766.01	-1324.85
TCGA-B6-A0X7-01	622.35	-603.9	18.45
TCGA-B6-A1KC-01	-379.91	-723.35	-1103.26
TCGA-B6-A1KF-01	-319.26	-1233.81	-1553.07
TCGA-B6-A1KI-01	560.13	-790.49	-230.35
TCGA-B6-A1KN-01	175.97	-300.14	-124.17
TCGA-B6-A2IU-01	-422.93	-799.43	-1222.36
TCGA-B6-A3ZX-01	104.33	2098.3	2202.63
TCGA-B6-A400-01	261.37	396.41	657.79
TCGA-B6-A401-01	344.49	431.61	776.1
TCGA-B6-A402-01	-528.13	-822.26	-1350.39
TCGA-B6-A408-01	574.48	797.65	1372.14
TCGA-B6-A409-01	-336.11	-100.05	-436.16
TCGA-B6-A40B-01	312.41	-222.29	90.13
TCGA-B6-A40C-01	706.28	101.89	808.17
TCGA-BH-A0AU-01	626.75	18.49	645.25
TCGA-BH-A0AV-01	1114.3	50.92	1165.22
TCGA-BH-A0AW-01	960.56	1754.96	2715.51
TCGA-BH-A0AY-01	1292.09	577.77	1869.86
TCGA-BH-A0AZ-01	1606.89	147.7	1754.59
TCGA-BH-A0B0-01	1097.71	736.98	1834.69
TCGA-BH-A0B1-01	505.82	-362.91	142.91
TCGA-BH-A0B3-01	445.01	771.52	1216.53
TCGA-BH-A0B4-01	1009.22	209.53	1218.75
TCGA-BH-A0B5-01	550.42	211.86	762.27
TCGA-BH-A0B6-01	908.63	2221.82	3130.44
TCGA-BH-A0B7-01	915.07	1102.95	2018.02
TCGA-BH-A0B8-01	91.01	-525.59	-434.58
TCGA-BH-A0B9-01	-874.84	1072.02	197.18
TCGA-BH-A0BA-01	408.45	-83.07	325.37
TCGA-BH-A0BC-01	987.68	1017.94	2005.61
TCGA-BH-A0BD-01	628.18	559.79	1187.97
TCGA-BH-A0BF-01	1681.61	1896.09	3577.7
TCGA-BH-A0BG-01	-87.4	1022.4	935
TCGA-BH-A0BJ-01	785.83	132.44	918.27
TCGA-BH-A0BL-01	1424.98	1149.6	2574.58
TCGA-BH-A0BM-01	661.68	-354.22	307.46
TCGA-BH-A0BO-01	1221.47	642.04	1863.51
TCGA-BH-A0BP-01	1088.24	-200.71	887.53
TCGA-BH-A0BQ-01	1020.02	452.37	1472.39
TCGA-BH-A0BR-01	1298.18	548.2	1846.38
TCGA-BH-A0BS-01	-556.16	-552	-1108.16
TCGA-BH-A0BT-01	232.2	-79.73	152.46
TCGA-BH-A0BV-01	828.08	568.63	1396.71
TCGA-BH-A0BW-01	160.75	1339.35	1500.1
TCGA-BH-A0BZ-01	1148.22	1226.08	2374.3
TCGA-BH-A0C0-01	185.42	1818.47	2003.89
TCGA-BH-A0C1-01	627.48	271.52	899
TCGA-BH-A0C3-01	1307.5	638.86	1946.36
TCGA-BH-A0C7-01	61.78	-119.86	-58.08
TCGA-BH-A0DD-01	-175.54	-401.47	-577.01
TCGA-BH-A0DE-01	1012.38	443.89	1456.27
TCGA-BH-A0DG-01	1304.31	581.02	1885.33
TCGA-BH-A0DH-01	-13.12	-97.7	-110.81
TCGA-BH-A0DI-01	1489.73	525.29	2015.02
TCGA-BH-A0DK-01	1291.07	1415.75	2706.83
TCGA-BH-A0DL-01	-22.74	1373.41	1350.67
TCGA-BH-A0DO-01	27.81	-637.29	-609.48
TCGA-BH-A0DP-01	824.42	437.69	1262.11
TCGA-BH-A0DQ-01	1306.62	-34.06	1272.56
TCGA-BH-A0DS-01	647.74	493.98	1141.72
TCGA-BH-A0DT-01	627.48	213.73	841.21
TCGA-BH-A0DV-01	1791.42	386.15	2177.57
TCGA-BH-A0DX-01	1234.1	706.92	1941.02
TCGA-BH-A0DZ-01	1134.2	560.26	1694.46
TCGA-BH-A0E0-01	-870	-199.48	-1069.48
TCGA-BH-A0E1-01	88.7	-665.2	-576.5
TCGA-BH-A0E2-01	557.19	-270.68	286.51
TCGA-BH-A0E6-01	-197.08	265.11	68.04
TCGA-BH-A0E7-01	-80.41	-853.83	-934.24
TCGA-BH-A0E9-01	236.27	-93.62	142.65
TCGA-BH-A0EA-01	799.77	-96.92	702.84
TCGA-BH-A0EB-01	1143.46	1038.03	2181.49
TCGA-BH-A0EE-01	-1287.83	149	-1138.83
TCGA-BH-A0EI-01	807.72	-667.88	139.84
TCGA-BH-A0GY-01	286.01	160.1	446.11
TCGA-BH-A0GZ-01	526.42	-449.12	77.29
TCGA-BH-A0H0-01	-562.28	-698.79	-1261.07
TCGA-BH-A0H3-01	1029.29	178.42	1207.72
TCGA-BH-A0H5-01	718.42	2758.14	3476.55
TCGA-BH-A0H6-01	531.95	-614.74	-82.78
TCGA-BH-A0H7-01	663.2	-331.57	331.63
TCGA-BH-A0H9-01	-250.85	-603.64	-854.5
TCGA-BH-A0HA-01	1253.82	578.86	1832.68
TCGA-BH-A0HB-01	303.55	613.82	917.37
TCGA-BH-A0HF-01	969.23	535.17	1504.41
TCGA-BH-A0HI-01	549.47	-48.2	501.27
TCGA-BH-A0HK-01	641.21	5.56	646.77
TCGA-BH-A0HL-01	-1095.99	-1482.22	-2578.21
TCGA-BH-A0HN-01	-961.67	-430.36	-1392.04
TCGA-BH-A0HO-01	303.08	408.87	711.95
TCGA-BH-A0HP-01	663.4	137.52	800.92
TCGA-BH-A0HQ-01	522.92	-419.49	103.43
TCGA-BH-A0HU-01	-495.91	-542.44	-1038.35
TCGA-BH-A0HW-01	-1236.79	-1362.36	-2599.15
TCGA-BH-A0HX-01	505.26	-235.87	269.39
TCGA-BH-A0HY-01	234.25	-795.08	-560.83
TCGA-BH-A0RX-01	1074.71	1721.12	2795.83
TCGA-BH-A0W3-01	-606.49	-310.35	-916.85
TCGA-BH-A0W4-01	431.84	-711.2	-279.36
TCGA-BH-A0W5-01	878.18	1607.75	2485.94
TCGA-BH-A0W7-01	1059.92	1148.66	2208.58
TCGA-BH-A0WA-01	-18.74	-189.2	-207.93
TCGA-BH-A18F-01	872.26	226.89	1099.15
TCGA-BH-A18G-01	-0.59	-64.48	-65.07
TCGA-BH-A18H-01	395.33	1233.61	1628.93
TCGA-BH-A18I-01	1314.04	690.89	2004.93
TCGA-BH-A18J-01	523.73	-336.93	186.81
TCGA-BH-A18K-01	546.61	-350.46	196.15
TCGA-BH-A18L-01	-815.43	-686.16	-1501.59
TCGA-BH-A18M-01	963.48	-22.14	941.34
TCGA-BH-A18N-01	-88.1	-500.51	-588.61
TCGA-BH-A18P-01	208.77	-136.71	72.06
TCGA-BH-A18Q-01	-87.69	215.94	128.25
TCGA-BH-A18R-01	-372.07	-215.83	-587.9
TCGA-BH-A18S-01	-556.05	-412.43	-968.48
TCGA-BH-A18T-01	-508.26	-227.95	-736.22
TCGA-BH-A18U-01	321.89	-2.38	319.5
TCGA-BH-A18V-06	116.99	2072.41	2189.4
TCGA-BH-A18V-01	592.01	761.46	1353.48
TCGA-BH-A1EN-01	177.51	-542.26	-364.75
TCGA-BH-A1EO-01	1697.91	625.36	2323.27
TCGA-BH-A1ES-06	-944.25	-809.38	-1753.63
TCGA-BH-A1ES-01	298.68	-1041.34	-742.65
TCGA-BH-A1ET-01	510.97	-80.09	430.88
TCGA-BH-A1EU-01	1412.33	1291.98	2704.31
TCGA-BH-A1EV-01	413.94	-672.25	-258.3
TCGA-BH-A1EW-01	338.61	389.59	728.2
TCGA-BH-A1EX-01	923.45	423.47	1346.92
TCGA-BH-A1EY-01	1215.24	980.16	2195.4
TCGA-BH-A1F0-01	1311.69	1973.66	3285.35
TCGA-BH-A1F2-01	990.81	-195.69	795.12
TCGA-BH-A1F5-01	3.74	-714.96	-711.22
TCGA-BH-A1F6-01	269.02	736.57	1005.58
TCGA-BH-A1F8-01	167.59	-399.28	-231.69
TCGA-BH-A1FB-01	1258.61	1133.96	2392.57
TCGA-BH-A1FC-01	-281.94	963.98	682.04
TCGA-BH-A1FD-01	460.01	-169.54	290.48
TCGA-BH-A1FE-06	1193.79	21.53	1215.31
TCGA-BH-A1FE-01	1043.3	950.88	1994.18
TCGA-BH-A1FG-01	-259.06	-406.6	-665.66
TCGA-BH-A1FH-01	1602.3	-116.72	1485.58
TCGA-BH-A1FJ-01	-494.56	-984.89	-1479.45
TCGA-BH-A1FL-01	7.73	-601.39	-593.66
TCGA-BH-A1FM-01	656.78	-472.25	184.53
TCGA-BH-A1FN-01	214.32	-387.48	-173.16
TCGA-BH-A1FR-01	-159.57	138.46	-21.11
TCGA-BH-A1FU-01	1091.83	361.26	1453.09
TCGA-BH-A201-01	778.98	-512.11	266.87
TCGA-BH-A202-01	351.29	515.09	866.39
TCGA-BH-A203-01	183.58	475.8	659.38
TCGA-BH-A204-01	152.27	-849.74	-697.47
TCGA-BH-A208-01	2050.55	186.42	2236.97
TCGA-BH-A209-01	354.8	1858.39	2213.19
TCGA-BH-A28O-01	1061.48	-13.63	1047.85
TCGA-BH-A28Q-01	325.5	-285.43	40.06
TCGA-BH-A2L8-01	830.86	1514.12	2344.98
TCGA-BH-A42T-01	236.5	256.74	493.24
TCGA-BH-A42U-01	644.49	716.14	1360.63
TCGA-BH-A42V-01	696.82	265.03	961.85
TCGA-BH-A5IZ-01	-572.06	-223.75	-795.81
TCGA-BH-A5J0-01	1032	1326.35	2358.36
TCGA-BH-A6R8-01	-207.76	353.75	145.99
TCGA-BH-A6R9-01	2006.17	1420.23	3426.4
TCGA-BH-A8FY-01	-898.79	-257.81	-1156.6
TCGA-BH-A8FZ-01	967.12	1179.98	2147.11
TCGA-BH-A8G0-01	1278.34	1241.27	2519.6
TCGA-BH-AB28-01	384.44	400.31	784.75
TCGA-C8-A12K-01	344.61	1958.16	2302.77
TCGA-C8-A12L-01	-430.73	-202.39	-633.13
TCGA-C8-A12M-01	-464.65	-519.68	-984.33
TCGA-C8-A12N-01	965.79	233.16	1198.95
TCGA-C8-A12O-01	1030.38	364.77	1395.15
TCGA-C8-A12P-01	664.37	102.45	766.81
TCGA-C8-A12Q-01	582.59	316.39	898.98
TCGA-C8-A12T-01	766.48	-116.18	650.3
TCGA-C8-A12U-01	-977.28	254.12	-723.15
TCGA-C8-A12V-01	686.67	2554.63	3241.3
TCGA-C8-A12W-01	907.21	232.99	1140.2
TCGA-C8-A12X-01	-58.94	-209.83	-268.77
TCGA-C8-A12Y-01	197.69	-230	-32.31
TCGA-C8-A12Z-01	-227.36	-708.99	-936.35
TCGA-C8-A130-01	364.04	-350.15	13.89
TCGA-C8-A131-01	400.53	158.97	559.5
TCGA-C8-A132-01	974.03	866.98	1841.01
TCGA-C8-A133-01	-1402.18	-618.95	-2021.13
TCGA-C8-A134-01	-211.04	579.87	368.83
TCGA-C8-A135-01	503.21	238.92	742.14
TCGA-C8-A137-01	-47.05	-1078.34	-1125.39
TCGA-C8-A138-01	982.01	1119.03	2101.04
TCGA-C8-A1HE-01	-15.63	-240.64	-256.27
TCGA-C8-A1HF-01	725.45	939.72	1665.17
TCGA-C8-A1HG-01	246.64	883.23	1129.87
TCGA-C8-A1HI-01	86.21	-528.71	-442.49
TCGA-C8-A1HJ-01	-440.5	-553.4	-993.9
TCGA-C8-A1HK-01	-437.94	-436.87	-874.8
TCGA-C8-A1HL-01	598.27	-148.56	449.72
TCGA-C8-A1HM-01	-215.3	1676.24	1460.94
TCGA-C8-A1HN-01	-164	-262.32	-426.32
TCGA-C8-A1HO-01	-244.06	-753.89	-997.95
TCGA-C8-A26V-01	-59.99	-106.5	-166.49
TCGA-C8-A26W-01	510.98	489.48	1000.46
TCGA-C8-A26X-01	1070.18	1613.13	2683.3
TCGA-C8-A26Y-01	-844.76	7.27	-837.49
TCGA-C8-A26Z-01	-2.03	-845.38	-847.4
TCGA-C8-A273-01	443.52	-373.38	70.14
TCGA-C8-A274-01	-560.37	-440.73	-1001.1
TCGA-C8-A275-01	238.59	1247.16	1485.75
TCGA-C8-A278-01	1020.19	1191.56	2211.75
TCGA-C8-A27A-01	-553.95	-883.9	-1437.85
TCGA-C8-A27B-01	-280.04	1070.82	790.78
TCGA-C8-A3M7-01	683	-30.5	652.5
TCGA-C8-A3M8-01	67.06	-709.31	-642.26
TCGA-C8-A8HP-01	272.69	1189.3	1461.99
TCGA-C8-A8HQ-01	887.45	528.3	1415.75
TCGA-C8-A8HR-01	1419.29	938.55	2357.84
TCGA-D8-A13Y-01	-1046.23	-1429.06	-2475.29
TCGA-D8-A13Z-01	478.11	592.04	1070.15
TCGA-D8-A140-01	241.16	169.19	410.35
TCGA-D8-A141-01	1555.74	1645.41	3201.15
TCGA-D8-A142-01	896.13	229.13	1125.27
TCGA-D8-A143-01	-551.21	-29.09	-580.3
TCGA-D8-A145-01	795.04	-62.8	732.24
TCGA-D8-A146-01	1030.61	71.8	1102.42
TCGA-D8-A147-01	-243.06	330.61	87.55
TCGA-D8-A1J8-01	563.8	961.43	1525.23
TCGA-D8-A1J9-01	730.79	18.69	749.48
TCGA-D8-A1JA-01	613.57	-133.1	480.46
TCGA-D8-A1JB-01	611.33	1308.75	1920.08
TCGA-D8-A1JC-01	509.75	170.02	679.76
TCGA-D8-A1JD-01	1012.84	302.26	1315.1
TCGA-D8-A1JE-01	1345.82	332.27	1678.09
TCGA-D8-A1JF-01	662.14	9.65	671.79
TCGA-D8-A1JG-01	693	805.21	1498.21
TCGA-D8-A1JH-01	1154.42	417.55	1571.97
TCGA-D8-A1JI-01	-519.22	-443.13	-962.35
TCGA-D8-A1JJ-01	757.51	-19.81	737.7
TCGA-D8-A1JK-01	732.52	1140.53	1873.05
TCGA-D8-A1JL-01	878.46	1162.3	2040.76
TCGA-D8-A1JM-01	-1356.38	-422.02	-1778.4
TCGA-D8-A1JN-01	-1076	-328.01	-1404
TCGA-D8-A1JP-01	1120.41	292.27	1412.67
TCGA-D8-A1JS-01	-1240.2	-720.36	-1960.56
TCGA-D8-A1JT-01	-484.37	-296.84	-781.21
TCGA-D8-A1JU-01	1769.42	511.7	2281.12
TCGA-D8-A1X5-01	653.64	305.43	959.07
TCGA-D8-A1X6-01	66.71	474.74	541.45
TCGA-D8-A1X7-01	320.31	-354.93	-34.62
TCGA-D8-A1X8-01	700.8	350.77	1051.57
TCGA-D8-A1X9-01	801.26	298.33	1099.59
TCGA-D8-A1XA-01	141.75	-194.47	-52.72
TCGA-D8-A1XB-01	837.2	-563.95	273.25
TCGA-D8-A1XC-01	-1053.96	-751.84	-1805.8
TCGA-D8-A1XD-01	426.33	-1164.02	-737.69
TCGA-D8-A1XF-01	-941.06	-813.35	-1754.41
TCGA-D8-A1XG-01	-135.69	-560.78	-696.48
TCGA-D8-A1XJ-01	204.14	-437.42	-233.29
TCGA-D8-A1XK-01	-567.66	370.04	-197.62
TCGA-D8-A1XL-01	-6.65	1044.29	1037.64
TCGA-D8-A1XM-01	1120.87	681.29	1802.16
TCGA-D8-A1XO-01	1035.27	229.64	1264.92
TCGA-D8-A1XQ-01	426.08	966.08	1392.16
TCGA-D8-A1XR-01	17.75	-546.3	-528.55
TCGA-D8-A1XS-01	694.05	-110.89	583.16
TCGA-D8-A1XT-01	1046.42	386.48	1432.9
TCGA-D8-A1XU-01	819.77	21.56	841.33
TCGA-D8-A1XV-01	-761.68	-866.77	-1628.45
TCGA-D8-A1XW-01	1033.26	1054.58	2087.83
TCGA-D8-A1XY-01	953.29	-258.98	694.31
TCGA-D8-A1XZ-01	495.51	186.94	682.45
TCGA-D8-A1Y0-01	919.34	755.74	1675.08
TCGA-D8-A1Y1-01	996.09	161	1157.09
TCGA-D8-A1Y2-01	1616.67	1780.33	3396.99
TCGA-D8-A1Y3-01	-70.68	672.17	601.49
TCGA-D8-A27E-01	-219.27	-192.45	-411.72
TCGA-D8-A27F-01	336.37	-312.75	23.62
TCGA-D8-A27G-01	948.21	417.66	1365.87
TCGA-D8-A27H-01	521.21	-181.41	339.8
TCGA-D8-A27I-01	1259.25	658.75	1918
TCGA-D8-A27K-01	497.92	310.29	808.21
TCGA-D8-A27L-01	1071.47	391	1462.47
TCGA-D8-A27M-01	1051.86	1435.32	2487.18
TCGA-D8-A27N-01	1076.05	603.14	1679.19
TCGA-D8-A27P-01	52.81	-681.71	-628.9
TCGA-D8-A27R-01	509.29	261.52	770.81
TCGA-D8-A27T-01	1208.57	609.05	1817.62
TCGA-D8-A27V-01	623.78	-408.32	215.46
TCGA-D8-A27W-01	360.38	-15.66	344.72
TCGA-D8-A3Z5-01	-189.69	-554.19	-743.88
TCGA-D8-A3Z6-01	381.43	-420.93	-39.5
TCGA-D8-A4Z1-01	698.78	-143.39	555.39
TCGA-D8-A73U-01	1531.03	2550.11	4081.14
TCGA-D8-A73W-01	894.4	546.61	1441.01
TCGA-D8-A73X-01	529.64	-259.15	270.49
TCGA-E2-A105-01	-619.09	-872.86	-1491.95
TCGA-E2-A106-01	-671.69	-1010.18	-1681.87
TCGA-E2-A107-01	-702.18	-563.45	-1265.64
TCGA-E2-A108-01	1891.94	2292.21	4184.15
TCGA-E2-A109-01	112.79	-339.53	-226.74
TCGA-E2-A10A-01	62.65	-186.67	-124.02
TCGA-E2-A10B-01	496.23	-112.13	384.1
TCGA-E2-A10C-01	3.19	686.15	689.34
TCGA-E2-A10E-01	-52.41	-217.55	-269.96
TCGA-E2-A10F-01	1219.99	759.94	1979.93
TCGA-E2-A14N-01	-837.11	268.33	-568.78
TCGA-E2-A14O-01	-330.71	-410.88	-741.59
TCGA-E2-A14P-01	-585.59	67.87	-517.72
TCGA-E2-A14Q-01	31.86	-365.75	-333.89
TCGA-E2-A14R-01	-581.16	803.71	222.55
TCGA-E2-A14S-01	-75.69	366.09	290.4
TCGA-E2-A14T-01	-220.86	-191.12	-411.98
TCGA-E2-A14U-01	-715.18	-681.82	-1396.99
TCGA-E2-A14V-01	-366.92	-750.75	-1117.67
TCGA-E2-A14W-01	-625.07	-1097.22	-1722.29
TCGA-E2-A14X-01	-49.8	652.31	602.5
TCGA-E2-A14Y-01	-700.92	-509.64	-1210.56
TCGA-E2-A14Z-01	585.62	1239.99	1825.61
TCGA-E2-A150-01	324.25	524.6	848.85
TCGA-E2-A152-01	893.84	-31.21	862.63
TCGA-E2-A153-01	1432.44	246.1	1678.54
TCGA-E2-A154-01	206.77	-775.75	-568.98
TCGA-E2-A155-01	-623.26	-1014.68	-1637.93
TCGA-E2-A156-01	-861.87	-788.15	-1650.02
TCGA-E2-A158-01	-1255.66	-777.85	-2033.51
TCGA-E2-A159-01	349.19	1263.8	1612.99
TCGA-E2-A15A-06	197.31	1134.27	1331.58
TCGA-E2-A15A-01	470.41	342.89	813.3
TCGA-E2-A15C-01	534.88	-307.53	227.35
TCGA-E2-A15D-01	443.65	-223.32	220.33
TCGA-E2-A15E-06	-664.1	54.29	-609.81
TCGA-E2-A15E-01	107.8	-888.01	-780.21
TCGA-E2-A15F-01	-206.32	-358.08	-564.4
TCGA-E2-A15G-01	-286.37	-525.53	-811.89
TCGA-E2-A15H-01	-13.88	-631.94	-645.82
TCGA-E2-A15I-01	245.32	359.4	604.71
TCGA-E2-A15J-01	-459.51	-581.31	-1040.82
TCGA-E2-A15K-06	-1334.99	-549.79	-1884.78
TCGA-E2-A15K-01	205.91	673.09	879
TCGA-E2-A15L-01	421.76	-546.69	-124.93
TCGA-E2-A15M-01	1599.42	1482.75	3082.17
TCGA-E2-A15O-01	-654.5	-534.7	-1189.2
TCGA-E2-A15P-01	240.56	-568.27	-327.71
TCGA-E2-A15R-01	-572.31	-1269.62	-1841.93
TCGA-E2-A15S-01	-940.93	-1278.14	-2219.07
TCGA-E2-A15T-01	-767.13	-1000.31	-1767.44
TCGA-E2-A1AZ-01	860.18	927.05	1787.23
TCGA-E2-A1B0-01	501.7	239.09	740.79
TCGA-E2-A1B1-01	1430.15	1038.02	2468.17
TCGA-E2-A1B4-01	-174.18	-695.99	-870.17
TCGA-E2-A1B5-01	710.83	2271.87	2982.71
TCGA-E2-A1B6-01	-127.75	2495.77	2368.02
TCGA-E2-A1BC-01	836.32	-669.15	167.17
TCGA-E2-A1BD-01	238.46	-464.53	-226.07
TCGA-E2-A1IE-01	-527.06	-1198.41	-1725.47
TCGA-E2-A1IF-01	775.08	-117.79	657.29
TCGA-E2-A1IG-01	804.27	-283.12	521.16
TCGA-E2-A1IH-01	1504.73	1507.18	3011.91
TCGA-E2-A1II-01	-75.81	2011.5	1935.7
TCGA-E2-A1IJ-01	1464.89	895.19	2360.09
TCGA-E2-A1IK-01	-403.28	532.95	129.67
TCGA-E2-A1IL-01	527.74	-630.84	-103.1
TCGA-E2-A1IN-01	971.81	-399.71	572.09
TCGA-E2-A1IO-01	1278.05	342.47	1620.52
TCGA-E2-A1IU-01	-377.43	-183.77	-561.2
TCGA-E2-A1L6-01	291.56	-125.95	165.61
TCGA-E2-A1L7-01	196.86	794.28	991.14
TCGA-E2-A1L8-01	641.96	-103.9	538.07
TCGA-E2-A1L9-01	1253.29	429.24	1682.53
TCGA-E2-A1LA-01	477.82	1207.57	1685.39
TCGA-E2-A1LB-01	239.77	-472.44	-232.67
TCGA-E2-A1LE-01	1130.29	929.23	2059.52
TCGA-E2-A1LG-01	-1159.44	-287.32	-1446.76
TCGA-E2-A1LH-01	443.65	1796.15	2239.79
TCGA-E2-A1LI-01	-597.11	438.11	-159
TCGA-E2-A1LK-01	-1152.65	-345.82	-1498.47
TCGA-E2-A1LL-01	-654.36	-658.56	-1312.92
TCGA-E2-A1LS-01	-486.13	-764.29	-1250.42
TCGA-E2-A2P5-01	219.83	-299.21	-79.37
TCGA-E2-A2P6-01	-78.29	-66.47	-144.76
TCGA-E2-A3DX-01	1518.19	1431.44	2949.63
TCGA-E2-A56Z-01	-455.44	-612.15	-1067.59
TCGA-E2-A570-01	695.1	-415.52	279.59
TCGA-E2-A572-01	-882.95	-357.92	-1240.86
TCGA-E2-A573-01	-229.26	1302.82	1073.56
TCGA-E2-A574-01	-1382.81	-1178.15	-2560.95
TCGA-E2-A576-01	-224.35	-380.03	-604.38
TCGA-E2-A9RU-01	67.33	-81.57	-14.24
TCGA-E9-A1N3-01	-678.06	-1020.37	-1698.43
TCGA-E9-A1N4-01	869.6	976.62	1846.22
TCGA-E9-A1N5-01	1090.04	497.38	1587.43
TCGA-E9-A1N6-01	818.91	-109.69	709.22
TCGA-E9-A1N8-01	-816.34	-977.09	-1793.42
TCGA-E9-A1N9-01	220.91	-352.59	-131.68
TCGA-E9-A1NA-01	778.77	450.27	1229.04
TCGA-E9-A1NC-01	623.76	1129.03	1752.8
TCGA-E9-A1ND-01	510.36	1746.13	2256.49
TCGA-E9-A1NE-01	972.82	1881.7	2854.52
TCGA-E9-A1NF-01	1771.07	286.29	2057.36
TCGA-E9-A1NG-01	1824.32	823.59	2647.91
TCGA-E9-A1NH-01	1134.33	144.21	1278.54
TCGA-E9-A1NI-01	615.06	-354.43	260.62
TCGA-E9-A1QZ-01	674.4	1216.83	1891.23
TCGA-E9-A1R0-01	620.58	-10.29	610.29
TCGA-E9-A1R2-01	231.23	-135.35	95.89
TCGA-E9-A1R3-01	794.29	490.57	1284.86
TCGA-E9-A1R4-01	499.45	1148.61	1648.06
TCGA-E9-A1R5-01	512.84	-607.05	-94.21
TCGA-E9-A1R6-01	24.54	-574.43	-549.89
TCGA-E9-A1R7-01	-387.45	-981.16	-1368.61
TCGA-E9-A1RA-01	234.42	-114.45	119.97
TCGA-E9-A1RB-01	-135.86	-423.28	-559.13
TCGA-E9-A1RC-01	-164.75	-941.66	-1106.42
TCGA-E9-A1RD-01	356.63	-273.55	83.08
TCGA-E9-A1RE-01	-235.94	-872.39	-1108.33
TCGA-E9-A1RF-01	842.54	696.11	1538.65
TCGA-E9-A1RG-01	97.3	121.67	218.97
TCGA-E9-A1RH-01	139.27	-333.64	-194.37
TCGA-E9-A1RI-01	1199.08	-96.03	1103.04
TCGA-E9-A226-01	726.62	-538.67	187.95
TCGA-E9-A227-01	683.69	692.22	1375.91
TCGA-E9-A228-01	-166.82	-291.77	-458.6
TCGA-E9-A229-01	1380.09	431.22	1811.31
TCGA-E9-A22A-01	1559.36	1030.94	2590.3
TCGA-E9-A22B-01	817.68	-62.4	755.28
TCGA-E9-A22D-01	413.6	2123.42	2537.02
TCGA-E9-A22E-01	1859.04	581.99	2441.03
TCGA-E9-A22G-01	-1074.15	-509.02	-1583.17
TCGA-E9-A22H-01	-209.03	-45.04	-254.07
TCGA-E9-A243-01	1212.17	2311.99	3524.16
TCGA-E9-A244-01	-168.94	-561.69	-730.63
TCGA-E9-A245-01	-389.93	-771.07	-1160.99
TCGA-E9-A247-01	-443.2	-894.53	-1337.74
TCGA-E9-A248-01	232.26	1470.01	1702.26
TCGA-E9-A249-01	-347.62	-352.74	-700.36
TCGA-E9-A24A-01	1001.12	741.78	1742.9
TCGA-E9-A295-01	442.13	-382.68	59.45
TCGA-E9-A2JS-01	60.2	-505.24	-445.04
TCGA-E9-A2JT-01	947.78	2867.68	3815.46
TCGA-E9-A3HO-01	-262.46	225.26	-37.2
TCGA-E9-A3Q9-01	220.07	563.81	783.88
TCGA-E9-A3QA-01	168.69	1741.98	1910.67
TCGA-E9-A3X8-01	906.81	980.16	1886.96
TCGA-E9-A54X-01	-1963.72	-1431.89	-3395.61
TCGA-E9-A54Y-01	-1326.34	-425.34	-1751.68
TCGA-E9-A5FK-01	698.36	1999.61	2697.97
TCGA-E9-A5FL-01	212.64	64.14	276.79
TCGA-E9-A5UO-01	-1264.48	-1184.03	-2448.51
TCGA-E9-A5UP-01	-1354.38	-213.24	-1567.62
TCGA-E9-A6HE-01	584.85	306.43	891.28
TCGA-EW-A1IW-01	480.54	-29.25	451.29
TCGA-EW-A1IX-01	1084	25.19	1109.2
TCGA-EW-A1IY-01	1025.07	1064.2	2089.27
TCGA-EW-A1IZ-01	26.02	2031.79	2057.81
TCGA-EW-A1J1-01	-22.91	427.56	404.65
TCGA-EW-A1J2-01	1128.52	470.37	1598.89
TCGA-EW-A1J3-01	36.6	-320.18	-283.58
TCGA-EW-A1J5-01	406.07	1068.38	1474.45
TCGA-EW-A1J6-01	-264.4	655.95	391.55
TCGA-EW-A1OV-01	821.72	2247.54	3069.26
TCGA-EW-A1OW-01	429.89	-103.75	326.14
TCGA-EW-A1OX-01	-1405.47	-1559.28	-2964.76
TCGA-EW-A1OY-01	-303.76	-321.93	-625.69
TCGA-EW-A1OZ-01	484.55	180.11	664.67
TCGA-EW-A1P0-01	45.66	-204.5	-158.84
TCGA-EW-A1P1-01	1591.41	913.45	2504.85
TCGA-EW-A1P3-01	264.94	-185.13	79.81
TCGA-EW-A1P4-01	-17.46	948.42	930.96
TCGA-EW-A1P5-01	-7.31	512.98	505.66
TCGA-EW-A1P6-01	483.5	-571.66	-88.16
TCGA-EW-A1P7-01	1070.52	2183.57	3254.1
TCGA-EW-A1P8-01	76.9	861.28	938.18
TCGA-EW-A1PA-01	156.49	-232.93	-76.44
TCGA-EW-A1PB-01	23.06	2013.32	2036.38
TCGA-EW-A1PC-01	-550.73	-767.63	-1318.36
TCGA-EW-A1PD-01	768.15	-463.14	305.02
TCGA-EW-A1PE-01	840.01	962.27	1802.29
TCGA-EW-A1PF-01	998.25	155.77	1154.02
TCGA-EW-A1PG-01	729.97	-360.84	369.13
TCGA-EW-A1PH-01	-462.41	-362.41	-824.82
TCGA-EW-A2FR-01	1551.57	235.07	1786.64
TCGA-EW-A2FS-01	-50.14	182.62	132.48
TCGA-EW-A2FV-01	488.85	471.96	960.82
TCGA-EW-A2FW-01	-47.68	-679.04	-726.73
TCGA-EW-A3E8-01	791.33	1140.58	1931.91
TCGA-EW-A3U0-01	936.02	2218.18	3154.2
TCGA-EW-A423-01	-335.28	448.94	113.66
TCGA-EW-A424-01	305.95	-769.19	-463.24
TCGA-EW-A6S9-01	497.33	-389.56	107.76
TCGA-EW-A6SA-01	-991.66	-1368.45	-2360.11
TCGA-EW-A6SB-01	-679.63	1829.23	1149.6
TCGA-EW-A6SC-01	872.7	243.71	1116.41
TCGA-EW-A6SD-01	252.15	700.28	952.44
TCGA-GI-A2C8-01	1414.38	772.48	2186.86
TCGA-GI-A2C9-01	182.03	9.05	191.09
TCGA-GM-A2D9-01	377.84	87.7	465.54
TCGA-GM-A2DA-01	929.93	1002.44	1932.37
TCGA-GM-A2DB-01	-710.24	405.29	-304.95
TCGA-GM-A2DC-01	-438.67	-534.53	-973.2
TCGA-GM-A2DD-01	1132.72	1797.29	2930.01
TCGA-GM-A2DF-01	430.88	1204.99	1635.87
TCGA-GM-A2DH-01	-205.56	992.06	786.49
TCGA-GM-A2DI-01	1286.22	2172.18	3458.4
TCGA-GM-A2DK-01	757.27	332.49	1089.76
TCGA-GM-A2DL-01	1077.98	290.6	1368.57
TCGA-GM-A2DM-01	-541	213.67	-327.33
TCGA-GM-A2DN-01	464.18	1367.6	1831.78
TCGA-GM-A2DO-01	51.44	2812.67	2864.1
TCGA-GM-A3NW-01	-178.21	-247.05	-425.26
TCGA-GM-A3NY-01	14.85	-278.42	-263.56
TCGA-GM-A3XG-01	-301.04	-800.31	-1101.35
TCGA-GM-A3XL-01	-815.83	830.44	14.61
TCGA-GM-A3XN-01	1148.85	497.35	1646.2
TCGA-GM-A4E0-01	1614.93	1487.98	3102.91
TCGA-GM-A5PV-01	-818.78	-40.88	-859.66
TCGA-GM-A5PX-01	864.29	-54.32	809.97
TCGA-HN-A2NL-01	-967.81	-43.31	-1011.13
TCGA-HN-A2OB-01	1225.6	-223.1	1002.5
TCGA-JL-A3YW-01	1448.96	1229.85	2678.81
TCGA-JL-A3YX-01	-201.92	-786.76	-988.68
TCGA-LD-A66U-01	546.49	798.68	1345.17
TCGA-LD-A74U-01	1077.12	501.04	1578.16
TCGA-LD-A7W5-01	577.08	1361.96	1939.04
TCGA-LD-A7W6-01	148.39	-153.63	-5.24
TCGA-LD-A9QF-01	1331.7	2294.71	3626.41
TCGA-LL-A440-01	1628.95	1157.56	2786.52
TCGA-LL-A441-01	290.44	1742.67	2033.11
TCGA-LL-A442-01	-446.73	207.94	-238.78
TCGA-LL-A50Y-01	-167.88	381.93	214.05
TCGA-LL-A5YL-01	297.52	495.03	792.55
TCGA-LL-A5YM-01	-32.02	-56.88	-88.9
TCGA-LL-A5YN-01	90.16	1972.02	2062.18
TCGA-LL-A5YO-01	535.88	2523.96	3059.84
TCGA-LL-A5YP-01	1047.87	391.72	1439.59
TCGA-LL-A6FP-01	-1319.79	-909.08	-2228.87
TCGA-LL-A6FQ-01	-189.73	72.88	-116.85
TCGA-LL-A6FR-01	273.69	-244.58	29.12
TCGA-LL-A73Y-01	612.51	500.42	1112.93
TCGA-LL-A73Z-01	791.96	686.36	1478.32
TCGA-LL-A740-01	881.91	118.57	1000.48
TCGA-LL-A7SZ-01	376.47	1541.92	1918.38
TCGA-LL-A7T0-01	-164.92	109.99	-54.94
TCGA-LL-A8F5-01	-237.17	475.35	238.18
TCGA-LL-A9Q3-01	133.5	326.11	459.61
TCGA-LQ-A4E4-01	-224.39	-942.13	-1166.52
TCGA-MS-A51U-01	767.27	78.89	846.15
TCGA-OK-A5Q2-01	583.98	800.77	1384.75
TCGA-OL-A5D6-01	888.76	86.89	975.65
TCGA-OL-A5D7-01	-607.64	1230.86	623.23
TCGA-OL-A5D8-01	-117	-38.64	-155.64
TCGA-OL-A5DA-01	-77.02	-209.02	-286.04
TCGA-OL-A5RU-01	223.5	1054.75	1278.24
TCGA-OL-A5RV-01	-70.42	-608.33	-678.74
TCGA-OL-A5RW-01	-359.66	-32.6	-392.26
TCGA-OL-A5RX-01	118.15	-27.09	91.07
TCGA-OL-A5RY-01	1236.29	1899.59	3135.88
TCGA-OL-A5RZ-01	-666.88	-810.65	-1477.53
TCGA-OL-A5S0-01	618.15	644.94	1263.09
TCGA-OL-A66H-01	448.33	893.24	1341.57
TCGA-OL-A66I-01	876.75	2269.41	3146.16
TCGA-OL-A66J-01	708.88	-83.59	625.29
TCGA-OL-A66K-01	508.77	-455.43	53.34
TCGA-OL-A66L-01	811.29	769.84	1581.13
TCGA-OL-A66N-01	575.83	435.87	1011.7
TCGA-OL-A66O-01	-339.7	-821.45	-1161.15
TCGA-OL-A66P-01	960.27	2411	3371.27
TCGA-OL-A6VO-01	-689.49	-116.53	-806.02
TCGA-OL-A6VQ-01	809.38	114.1	923.48
TCGA-OL-A6VR-01	-1049.25	-873.79	-1923.04
TCGA-OL-A97C-01	517.24	96.24	613.48
TCGA-PE-A5DC-01	-199.1	-469.31	-668.41
TCGA-PE-A5DD-01	591.8	283.97	875.76
TCGA-PE-A5DE-01	485.8	2147.16	2632.96
TCGA-PL-A8LV-01	-191.25	365.83	174.58
TCGA-PL-A8LX-01	-514.02	-135.05	-649.07
TCGA-PL-A8LY-01	-782.72	-427.91	-1210.63
TCGA-PL-A8LZ-01	1029.22	1499.62	2528.84
TCGA-S3-A6ZF-01	131.31	216.75	348.06
TCGA-S3-A6ZG-01	-26.35	-14.65	-41
TCGA-S3-A6ZH-01	-652.27	-340.62	-992.89
TCGA-S3-AA0Z-01	-290.37	581.18	290.8
TCGA-S3-AA10-01	142.79	1789.31	1932.1
TCGA-S3-AA11-01	-550.69	-999.49	-1550.18
TCGA-S3-AA12-01	-560.69	-748.68	-1309.37
TCGA-S3-AA14-01	688.62	-534.88	153.74
TCGA-S3-AA15-01	1279.95	1993.12	3273.07
TCGA-S3-AA17-01	438.99	1875.66	2314.65
TCGA-UL-AAZ6-01	-924.54	-485.43	-1409.97
TCGA-UU-A93S-01	-973.16	-96.92	-1070.08
TCGA-V7-A7HQ-01	97.8	-168.21	-70.42
TCGA-W8-A86G-01	112.42	-919.99	-807.57
TCGA-WT-AB41-01	90.8	1843.89	1934.69
TCGA-WT-AB44-01	502.84	17.23	520.07
TCGA-XX-A899-01	1171.26	1343.86	2515.12
TCGA-XX-A89A-01	1744.09	1175.53	2919.62
TCGA-Z7-A8R5-01	432.56	938.14	1370.7
TCGA-Z7-A8R6-01	-285.17	-357.98	-643.15
