ID	Stromal_score	Immune_score	ESTIMATE_score
TCGA-02-0047-01	133.89	513.41	647.3
TCGA-02-0055-01	1272.19	1282.27	2554.46
TCGA-02-2483-01	-465.15	86.9	-378.25
TCGA-02-2485-01	-714.18	-515.07	-1229.26
TCGA-02-2486-01	105.42	1661.3	1766.72
TCGA-06-0125-01	-657.32	-647.46	-1304.77
TCGA-06-0125-02	51.63	50.55	102.18
TCGA-06-0129-01	-760.95	695.79	-65.17
TCGA-06-0130-01	1257.82	2176.81	3434.63
TCGA-06-0132-01	555.33	1423.47	1978.8
TCGA-06-0138-01	234.34	846.09	1080.43
TCGA-06-0141-01	504.65	1466.92	1971.57
TCGA-06-0152-02	-32.25	944.7	912.45
TCGA-06-0156-01	-101.54	658.77	557.24
TCGA-06-0157-01	-39.83	182.27	142.44
TCGA-06-0158-01	-356.28	443.07	86.79
TCGA-06-0168-01	338.13	906.28	1244.41
TCGA-06-0171-02	1392.46	2451.18	3843.65
TCGA-06-0174-01	-791.81	-622.36	-1414.16
TCGA-06-0178-01	-440.12	434.25	-5.87
TCGA-06-0184-01	197.04	1227.58	1424.63
TCGA-06-0187-01	-318.09	402.61	84.51
TCGA-06-0190-01	704.72	994.95	1699.68
TCGA-06-0190-02	1475.56	1411.98	2887.55
TCGA-06-0210-01	-184.8	924	739.2
TCGA-06-0210-02	442.85	1278.79	1721.64
TCGA-06-0211-01	-697.64	-285.73	-983.37
TCGA-06-0211-02	224.29	979.68	1203.97
TCGA-06-0219-01	-505.04	353.55	-151.49
TCGA-06-0221-02	-846.81	-1216.59	-2063.4
TCGA-06-0238-01	-292.21	563.56	271.34
TCGA-06-0644-01	694.93	842.68	1537.61
TCGA-06-0645-01	654.17	1638.14	2292.31
TCGA-06-0646-01	14.66	755.53	770.2
TCGA-06-0649-01	414.24	952.91	1367.15
TCGA-06-0686-01	-613.7	-170.55	-784.25
TCGA-06-0743-01	-448.48	17.61	-430.87
TCGA-06-0744-01	-809.06	-339.16	-1148.22
TCGA-06-0745-01	-216.14	436.08	219.94
TCGA-06-0747-01	-1147.99	-592.5	-1740.49
TCGA-06-0749-01	-490.35	713.51	223.15
TCGA-06-0750-01	268.12	613.65	881.77
TCGA-06-0878-01	14.13	675.4	689.54
TCGA-06-0882-01	-0.32	882.89	882.57
TCGA-06-1804-01	-537.32	-387.33	-924.65
TCGA-06-2557-01	46.33	1318.65	1364.98
TCGA-06-2558-01	-182.59	-36.54	-219.12
TCGA-06-2559-01	-435.42	-138.92	-574.34
TCGA-06-2561-01	-227.28	814.99	587.71
TCGA-06-2562-01	9.17	375.12	384.29
TCGA-06-2563-01	-467.09	-168.49	-635.59
TCGA-06-2564-01	-247.15	339.71	92.56
TCGA-06-2565-01	-643.4	-254.04	-897.44
TCGA-06-2567-01	-112.17	680.43	568.26
TCGA-06-2569-01	-36.77	-1434.96	-1471.73
TCGA-06-2570-01	-298.92	487	188.08
TCGA-06-5408-01	-545.83	-258.71	-804.54
TCGA-06-5410-01	969.71	2315.39	3285.1
TCGA-06-5411-01	-353.76	-34.56	-388.32
TCGA-06-5412-01	728.17	1554.2	2282.38
TCGA-06-5413-01	341.24	588.11	929.35
TCGA-06-5414-01	-318.85	802.85	484
TCGA-06-5415-01	-747.38	-604.19	-1351.56
TCGA-06-5416-01	-1333.68	-1069.91	-2403.59
TCGA-06-5417-01	-972.91	-763.78	-1736.69
TCGA-06-5418-01	-404.08	518.25	114.17
TCGA-06-5856-01	-159.99	126.3	-33.69
TCGA-06-5858-01	-113.12	285.19	172.07
TCGA-06-5859-01	-357.4	570.43	213.03
TCGA-08-0386-01	-635.25	-819.28	-1454.53
TCGA-12-0616-01	-659.07	125.19	-533.89
TCGA-12-0618-01	-1038.14	-940.09	-1978.23
TCGA-12-0619-01	-58.4	888.23	829.83
TCGA-12-0821-01	-622.45	-689.08	-1311.53
TCGA-12-1597-01	-695.61	-98.3	-793.92
TCGA-12-3650-01	-902.14	-114.3	-1016.44
TCGA-12-3652-01	-1196.44	-509.25	-1705.69
TCGA-12-3653-01	-815.92	270.77	-545.15
TCGA-12-5295-01	-424.65	802.55	377.9
TCGA-12-5299-01	-446.5	228.37	-218.13
TCGA-14-0736-02	357.15	1174.56	1531.71
TCGA-14-0781-01	464.37	810.45	1274.81
TCGA-14-0787-01	-699.19	318.72	-380.47
TCGA-14-0789-01	174.9	1163.11	1338.01
TCGA-14-0790-01	-944.8	-980.16	-1924.95
TCGA-14-0817-01	69.79	1250.61	1320.39
TCGA-14-1034-01	-101.59	732.79	631.2
TCGA-14-1034-02	-1473.99	-1022.22	-2496.21
TCGA-14-1402-02	-509.78	141.82	-367.96
TCGA-14-1823-01	-10.08	1145.51	1135.43
TCGA-14-1825-01	-1061.35	-692	-1753.35
TCGA-14-1829-01	199.11	812.78	1011.89
TCGA-14-2554-01	-195.99	649.56	453.58
TCGA-15-0742-01	-1094.15	-633.69	-1727.84
TCGA-15-1444-01	-159.96	545.12	385.16
TCGA-16-0846-01	-331.23	646.72	315.5
TCGA-16-1045-01	683.48	1397.17	2080.64
TCGA-19-0957-02	-169.74	222.29	52.54
TCGA-19-1389-02	943.47	1158.48	2101.94
TCGA-19-1390-01	-1274.23	-762.16	-2036.39
TCGA-19-1787-01	-396.33	348.5	-47.83
TCGA-19-2619-01	-528.01	-617.69	-1145.7
TCGA-19-2620-01	-409.4	-157.98	-567.38
TCGA-19-2624-01	-1365.77	-1251.46	-2617.23
TCGA-19-2625-01	-610.21	-257.19	-867.4
TCGA-19-2629-01	-348.71	492.77	144.06
TCGA-19-4065-01	234.46	1211.06	1445.53
TCGA-19-4065-02	325.24	356.35	681.59
TCGA-19-5960-01	-1345.84	-1249.9	-2595.73
TCGA-26-1442-01	-816.47	-431.69	-1248.16
TCGA-26-5132-01	-460.48	-53.53	-514.01
TCGA-26-5133-01	-900.19	-886.47	-1786.66
TCGA-26-5134-01	-773.36	-345.83	-1119.19
TCGA-26-5135-01	-54.39	278.39	224
TCGA-26-5136-01	-31.13	676.64	645.51
TCGA-26-5139-01	-336.21	134.03	-202.18
TCGA-27-1830-01	217.81	460.51	678.33
TCGA-27-1831-01	125.87	805.88	931.75
TCGA-27-1832-01	125.03	967.85	1092.88
TCGA-27-1834-01	-217.49	677.94	460.44
TCGA-27-1835-01	-851.62	-954.37	-1805.99
TCGA-27-1837-01	-519.74	150.58	-369.16
TCGA-27-2519-01	94.59	969.77	1064.36
TCGA-27-2521-01	-994.88	-897.69	-1892.57
TCGA-27-2523-01	-1087.8	-527.19	-1614.99
TCGA-27-2524-01	-190.61	489.66	299.05
TCGA-27-2526-01	-790.29	455.47	-334.82
TCGA-27-2528-01	-299.81	-907.88	-1207.69
TCGA-28-1747-01	-550.8	746.75	195.95
TCGA-28-1753-01	574.4	989.75	1564.15
TCGA-28-2499-01	-710.33	95.96	-614.37
TCGA-28-2509-01	-709.77	189.82	-519.95
TCGA-28-2510-01	-220.36	-546.77	-767.13
TCGA-28-2513-01	566.71	1267.34	1834.05
TCGA-28-2514-01	-672.55	-491.1	-1163.65
TCGA-28-5204-01	-598.66	-4.25	-602.92
TCGA-28-5207-01	-25.38	-131.84	-157.22
TCGA-28-5208-01	-130.81	179.63	48.82
TCGA-28-5209-01	-638.99	-528.09	-1167.08
TCGA-28-5213-01	767.22	1751.72	2518.93
TCGA-28-5215-01	370.14	405.19	775.33
TCGA-28-5216-01	-272.11	24.95	-247.15
TCGA-28-5218-01	1252.76	1240.2	2492.96
TCGA-28-5220-01	-638.28	252.38	-385.9
TCGA-32-1970-01	-672.06	-395.76	-1067.81
TCGA-32-1980-01	368.65	888.05	1256.7
TCGA-32-1982-01	245.73	879.07	1124.81
TCGA-32-2615-01	-94.15	516.03	421.88
TCGA-32-2616-01	-618.79	55.7	-563.09
TCGA-32-2632-01	115.54	980.37	1095.92
TCGA-32-2634-01	-762.61	-729.05	-1491.66
TCGA-32-2638-01	204.53	719.4	923.94
TCGA-32-4213-01	560.92	1135.71	1696.63
TCGA-32-5222-01	-264.21	744.71	480.5
TCGA-41-2571-01	-992.4	-505.5	-1497.9
TCGA-41-2572-01	-402.07	148.55	-253.52
TCGA-41-3915-01	389.02	797.81	1186.83
TCGA-41-4097-01	482.98	555.63	1038.61
TCGA-41-5651-01	-984.52	-1105.5	-2090.02
TCGA-76-4925-01	-1008.88	-839.98	-1848.86
TCGA-76-4926-01	-818.01	-424.35	-1242.36
TCGA-76-4927-01	210.24	387.57	597.81
TCGA-76-4928-01	-181.65	507.12	325.47
TCGA-76-4929-01	-536.86	-244.23	-781.09
TCGA-76-4931-01	-1115.19	-717.12	-1832.31
TCGA-76-4932-01	-914.07	-44.37	-958.45
