ID	Stromal_score	Immune_score	ESTIMATE_score
TCGA-4P-AA8J-01	461.98	726.71	1188.69
TCGA-BA-4074-01	34.34	203.3	237.64
TCGA-BA-4075-01	-733.7	295.54	-438.16
TCGA-BA-4076-01	-1275.93	-460	-1735.93
TCGA-BA-4077-01	-611.73	1033.25	421.53
TCGA-BA-4078-01	320.33	35.45	355.78
TCGA-BA-5149-01	-534.11	80.98	-453.14
TCGA-BA-5151-01	-33.91	622.89	588.98
TCGA-BA-5152-01	-303.34	1184.97	881.63
TCGA-BA-5153-01	-646.52	1102.22	455.7
TCGA-BA-5555-01	-679.36	102.31	-577.05
TCGA-BA-5556-01	-196.56	1627.85	1431.29
TCGA-BA-5557-01	945.25	1845.13	2790.39
TCGA-BA-5558-01	-106.97	980.66	873.69
TCGA-BA-5559-01	355.27	1893.93	2249.2
TCGA-BA-6868-01	-1011.83	-483.88	-1495.71
TCGA-BA-6869-01	-1426.77	-120.35	-1547.12
TCGA-BA-6870-01	-725.74	597.79	-127.95
TCGA-BA-6871-01	600.56	474.52	1075.07
TCGA-BA-6872-01	-318.03	79.02	-239.02
TCGA-BA-6873-01	-525.71	356.53	-169.17
TCGA-BA-7269-01	-107.59	-92.54	-200.13
TCGA-BA-A4IF-01	-1304.2	-710.49	-2014.69
TCGA-BA-A4IG-01	-1509.02	121.24	-1387.78
TCGA-BA-A4IH-01	-527.26	47.4	-479.87
TCGA-BA-A4II-01	-493.34	207.42	-285.91
TCGA-BA-A6D8-01	-332.55	-42.33	-374.88
TCGA-BA-A6DA-01	-943.88	345.57	-598.31
TCGA-BA-A6DB-01	177.98	1533.84	1711.82
TCGA-BA-A6DD-01	-185.63	824.12	638.5
TCGA-BA-A6DE-01	-1175.29	-262.4	-1437.69
TCGA-BA-A6DG-01	963.51	750.32	1713.83
TCGA-BA-A6DI-01	-1286.78	-276.26	-1563.04
TCGA-BA-A6DJ-01	-633.94	823.49	189.55
TCGA-BA-A6DL-01	-1528.63	-367.22	-1895.85
TCGA-BA-A8YP-01	142.28	-415.55	-273.27
TCGA-BB-4217-01	-490.57	1847.26	1356.69
TCGA-BB-4223-01	-737.96	923.74	185.78
TCGA-BB-4224-01	-1487.36	-339.22	-1826.59
TCGA-BB-4225-01	-901.81	1159.58	257.77
TCGA-BB-4227-01	-1379.68	-465.87	-1845.55
TCGA-BB-4228-01	-450.79	93.9	-356.88
TCGA-BB-7861-01	-311.65	2651.39	2339.74
TCGA-BB-7862-01	-155.61	-162.89	-318.5
TCGA-BB-7863-01	-817.57	-363.47	-1181.04
TCGA-BB-7864-01	-1492.66	-1188.85	-2681.51
TCGA-BB-7866-01	-579.01	884.91	305.9
TCGA-BB-7870-01	-1815.93	-543.88	-2359.81
TCGA-BB-7871-01	277.84	57.61	335.45
TCGA-BB-7872-01	-430.98	531.59	100.61
TCGA-BB-8596-01	894.65	853.77	1748.42
TCGA-BB-8601-01	-1792.22	-1309.57	-3101.79
TCGA-BB-A5HU-01	99.16	72.7	171.87
TCGA-BB-A5HY-01	-1159.21	-420.9	-1580.11
TCGA-BB-A5HZ-01	-563.59	-475.56	-1039.15
TCGA-BB-A6UM-01	-1576.45	566.67	-1009.79
TCGA-BB-A6UO-01	-38.53	154.55	116.02
TCGA-C9-A47Z-01	-1110.78	-201.37	-1312.15
TCGA-C9-A480-01	-1207.59	112.19	-1095.4
TCGA-CN-4722-01	268.49	-46.42	222.07
TCGA-CN-4723-01	-120.41	418.52	298.11
TCGA-CN-4725-01	-831.67	-525.63	-1357.29
TCGA-CN-4726-01	266.8	535.95	802.75
TCGA-CN-4727-01	-718	-618.71	-1336.71
TCGA-CN-4728-01	1646.37	1560.1	3206.47
TCGA-CN-4729-01	-245.26	169.59	-75.67
TCGA-CN-4730-01	-1247.44	-541.86	-1789.3
TCGA-CN-4731-01	-400.15	94.08	-306.07
TCGA-CN-4733-01	1181.24	2370.41	3551.65
TCGA-CN-4734-01	62.4	1186.37	1248.76
TCGA-CN-4735-01	-96	1041.25	945.26
TCGA-CN-4736-01	626.54	1485.4	2111.94
TCGA-CN-4737-01	283.96	33.44	317.4
TCGA-CN-4738-01	-469.57	893.33	423.76
TCGA-CN-4739-01	-607.27	653.94	46.66
TCGA-CN-4740-01	1548.5	1405.75	2954.25
TCGA-CN-4741-01	-932.73	-70.46	-1003.19
TCGA-CN-4742-01	544.31	441.18	985.49
TCGA-CN-5355-01	317.39	-1.38	316.01
TCGA-CN-5356-01	7.99	-64.02	-56.03
TCGA-CN-5358-01	1708.19	2085.99	3794.18
TCGA-CN-5359-01	1199.63	1574.96	2774.6
TCGA-CN-5360-01	311.95	1384.69	1696.64
TCGA-CN-5361-01	681.21	212.09	893.3
TCGA-CN-5363-01	243.35	695.61	938.96
TCGA-CN-5364-01	-282.86	382.78	99.92
TCGA-CN-5365-01	-792.49	655.63	-136.86
TCGA-CN-5366-01	107.34	376.76	484.1
TCGA-CN-5367-01	-358.2	232.65	-125.55
TCGA-CN-5369-01	391.71	1486.06	1877.77
TCGA-CN-5370-01	1224.28	1519.53	2743.8
TCGA-CN-5373-01	570.58	1129.96	1700.54
TCGA-CN-5374-01	-1027.21	1132.86	105.66
TCGA-CN-6010-01	-486.2	-150.34	-636.55
TCGA-CN-6011-01	-716.94	255.49	-461.45
TCGA-CN-6012-01	-331.67	650.53	318.86
TCGA-CN-6013-01	-44.47	1781.3	1736.83
TCGA-CN-6016-01	1188.85	905.1	2093.95
TCGA-CN-6017-01	1173.67	2242.09	3415.76
TCGA-CN-6018-01	467.68	1011.09	1478.77
TCGA-CN-6019-01	1559.83	1462.83	3022.66
TCGA-CN-6020-01	240.81	516.05	756.87
TCGA-CN-6021-01	-733.78	-14.02	-747.81
TCGA-CN-6022-01	476.78	815.88	1292.66
TCGA-CN-6023-01	-679.1	933.33	254.23
TCGA-CN-6024-01	-529.58	-976.66	-1506.24
TCGA-CN-6988-01	-1530.55	-923.5	-2454.05
TCGA-CN-6989-01	982.42	1043.69	2026.1
TCGA-CN-6992-01	-417.88	-340.76	-758.64
TCGA-CN-6994-01	-42.87	159.47	116.6
TCGA-CN-6995-01	-554.43	1090.74	536.31
TCGA-CN-6996-01	297.28	1397.2	1694.48
TCGA-CN-6997-01	-554.29	-588.19	-1142.48
TCGA-CN-6998-01	-996.41	40.6	-955.82
TCGA-CN-A497-01	-506.78	22.08	-484.7
TCGA-CN-A498-01	-1074.94	58.5	-1016.45
TCGA-CN-A499-01	-861	1103.29	242.29
TCGA-CN-A49A-01	-199.8	-920.89	-1120.69
TCGA-CN-A49B-01	-326.04	1140.23	814.19
TCGA-CN-A49C-01	-1700.1	-3	-1703.1
TCGA-CN-A63T-01	-336.22	754.34	418.12
TCGA-CN-A63U-01	-1670.55	-819.9	-2490.45
TCGA-CN-A63V-01	444.85	-53.76	391.09
TCGA-CN-A63W-01	-1161.7	-247.04	-1408.74
TCGA-CN-A641-01	-1303.97	-380.73	-1684.7
TCGA-CN-A642-01	-496.93	701.22	204.29
TCGA-CN-A6UY-01	-1322.27	1236.12	-86.15
TCGA-CN-A6V1-01	-461.6	2996.94	2535.34
TCGA-CN-A6V3-01	-1033.29	508.03	-525.26
TCGA-CN-A6V6-01	-649.32	1328.58	679.26
TCGA-CN-A6V7-01	-2151.01	-196.47	-2347.48
TCGA-CQ-5323-01	-813.32	222.86	-590.47
TCGA-CQ-5324-01	-327.92	324.84	-3.08
TCGA-CQ-5325-01	755.55	2060.92	2816.47
TCGA-CQ-5326-01	-188.88	630.62	441.75
TCGA-CQ-5327-01	-286.81	1272.18	985.37
TCGA-CQ-5329-01	341.51	845.42	1186.92
TCGA-CQ-5330-01	816.7	1343.13	2159.83
TCGA-CQ-5331-01	-77.8	1468.26	1390.46
TCGA-CQ-5332-01	37.97	-325.09	-287.12
TCGA-CQ-5333-01	61.36	2004.5	2065.85
TCGA-CQ-5334-01	631.3	1330.55	1961.86
TCGA-CQ-6218-01	-178.44	490.76	312.32
TCGA-CQ-6219-01	388.36	1232.96	1621.33
TCGA-CQ-6220-01	-870.82	231.2	-639.63
TCGA-CQ-6221-01	1065.92	330.52	1396.44
TCGA-CQ-6222-01	-25.88	1566.67	1540.79
TCGA-CQ-6223-01	-976.43	429.1	-547.33
TCGA-CQ-6224-01	1019.27	814.97	1834.23
TCGA-CQ-6225-01	-2080.72	-794.34	-2875.05
TCGA-CQ-6227-01	443.76	136.52	580.28
TCGA-CQ-6228-01	-520.28	-309.4	-829.67
TCGA-CQ-6229-01	-372.87	308.52	-64.36
TCGA-CQ-7063-01	-436.35	1408.35	972
TCGA-CQ-7065-01	-1193.15	-879.47	-2072.62
TCGA-CQ-7067-01	-411.36	332.12	-79.24
TCGA-CQ-7068-01	-746.67	1448.25	701.58
TCGA-CQ-7069-01	-371.4	-35.44	-406.85
TCGA-CQ-7071-01	-122.75	598.1	475.35
TCGA-CQ-7072-01	591.66	-162.51	429.15
TCGA-CQ-A4C6-01	-265.17	509.15	243.99
TCGA-CQ-A4C7-01	187.1	-20.34	166.76
TCGA-CQ-A4C9-01	-368.74	-186.3	-555.05
TCGA-CQ-A4CA-01	258.36	1183.16	1441.52
TCGA-CQ-A4CB-01	350.95	507.67	858.63
TCGA-CQ-A4CD-01	-662.46	704.63	42.17
TCGA-CQ-A4CE-01	-987.78	239.88	-747.9
TCGA-CQ-A4CG-01	-491.12	-392.39	-883.51
TCGA-CQ-A4CH-01	-550.27	101.6	-448.67
TCGA-CQ-A4CI-01	-462.63	-1046.76	-1509.39
TCGA-CR-5243-01	-60.52	592.86	532.34
TCGA-CR-5247-01	202.4	-832.12	-629.72
TCGA-CR-5248-01	-512.32	2378.06	1865.74
TCGA-CR-5249-01	-556.24	1451.98	895.75
TCGA-CR-5250-01	-506.48	607.87	101.38
TCGA-CR-6467-01	-826.7	1484.63	657.94
TCGA-CR-6470-01	221.26	1713.69	1934.95
TCGA-CR-6471-01	165.39	1069.87	1235.26
TCGA-CR-6472-01	-618.19	-423.76	-1041.95
TCGA-CR-6473-01	-1156.77	-309.79	-1466.56
TCGA-CR-6474-01	961.15	822.55	1783.7
TCGA-CR-6477-01	513.88	1037.61	1551.49
TCGA-CR-6478-01	277.82	1909.4	2187.23
TCGA-CR-6480-01	-1542.58	171.84	-1370.73
TCGA-CR-6481-01	225.26	2484.79	2710.05
TCGA-CR-6482-01	260.81	1944.35	2205.16
TCGA-CR-6484-01	808	1734.16	2542.16
TCGA-CR-6487-01	137.75	2239.61	2377.36
TCGA-CR-6488-01	567.39	1067.62	1635.01
TCGA-CR-6491-01	-808.71	-123.81	-932.52
TCGA-CR-6492-01	-642.52	429.54	-212.98
TCGA-CR-6493-01	-1107.34	-221.42	-1328.75
TCGA-CR-7364-01	-586.77	97.54	-489.22
TCGA-CR-7365-01	-2.52	-122.11	-124.63
TCGA-CR-7367-01	933.4	595.78	1529.18
TCGA-CR-7368-01	-646.47	499.21	-147.25
TCGA-CR-7369-01	-297.04	176.54	-120.5
TCGA-CR-7370-01	-277.35	-296.81	-574.16
TCGA-CR-7371-01	37.59	773.44	811.03
TCGA-CR-7372-01	166.94	-84.03	82.9
TCGA-CR-7373-01	-428.12	1219.12	791
TCGA-CR-7374-01	-715.89	123.85	-592.04
TCGA-CR-7376-01	1957.53	2270.14	4227.67
TCGA-CR-7377-01	830.18	1490.62	2320.81
TCGA-CR-7379-01	348.38	345.24	693.62
TCGA-CR-7380-01	384.86	439.8	824.66
TCGA-CR-7382-01	1502.13	1828.38	3330.51
TCGA-CR-7383-01	542.22	1065.36	1607.58
TCGA-CR-7385-01	-940.5	1297.54	357.04
TCGA-CR-7386-01	1463.62	1464.68	2928.3
TCGA-CR-7388-01	193.47	1042.11	1235.58
TCGA-CR-7389-01	301.14	491.35	792.49
TCGA-CR-7390-01	-283.67	-373.18	-656.85
TCGA-CR-7391-01	752.89	1394.47	2147.35
TCGA-CR-7392-01	990.83	1419.75	2410.58
TCGA-CR-7393-01	1147.75	1804.85	2952.6
TCGA-CR-7394-01	731.22	1899.16	2630.38
TCGA-CR-7395-01	358.1	1547.38	1905.48
TCGA-CR-7397-01	1138.72	595.88	1734.6
TCGA-CR-7398-01	-118.57	-179.74	-298.31
TCGA-CR-7399-01	-391.53	1350.21	958.68
TCGA-CR-7401-01	289.38	211.69	501.07
TCGA-CR-7402-01	-766.28	126.16	-640.11
TCGA-CR-7404-01	-400.77	1048.9	648.13
TCGA-CV-5430-01	-350.66	712.77	362.12
TCGA-CV-5431-01	467.33	1459.03	1926.36
TCGA-CV-5432-01	-921.62	-319.97	-1241.59
TCGA-CV-5434-01	701.62	737.89	1439.51
TCGA-CV-5435-01	-710.42	-808.29	-1518.71
TCGA-CV-5436-01	-648.21	-59.44	-707.65
TCGA-CV-5439-01	-1217.83	358.81	-859.01
TCGA-CV-5440-01	-1120.7	-522.81	-1643.51
TCGA-CV-5441-01	-525.82	-23.82	-549.64
TCGA-CV-5442-01	-1893.48	-696.42	-2589.9
TCGA-CV-5443-01	-183.16	1361.28	1178.12
TCGA-CV-5444-01	1216.52	1163.38	2379.9
TCGA-CV-5966-01	-302.69	1007.22	704.53
TCGA-CV-5970-01	58.54	234.44	292.98
TCGA-CV-5971-01	1309.27	1205.42	2514.69
TCGA-CV-5973-01	-1318.91	-47.17	-1366.09
TCGA-CV-5976-01	-573.15	-127.34	-700.49
TCGA-CV-5977-01	-1075.55	-163.57	-1239.12
TCGA-CV-5978-01	916.64	1090.78	2007.42
TCGA-CV-5979-01	-984.47	-79.62	-1064.09
TCGA-CV-6003-01	-1220.6	-253.39	-1473.99
TCGA-CV-6433-01	-1044.84	1527.86	483.02
TCGA-CV-6436-01	-655.03	1262.17	607.14
TCGA-CV-6441-01	-1942.71	-516.99	-2459.7
TCGA-CV-6933-01	-108.2	923	814.8
TCGA-CV-6934-01	1639.07	1221.22	2860.29
TCGA-CV-6935-01	-203.51	-417.1	-620.61
TCGA-CV-6936-01	-706.47	298.35	-408.12
TCGA-CV-6937-01	-486.21	-129.89	-616.1
TCGA-CV-6938-01	-339.5	1541.68	1202.18
TCGA-CV-6939-01	-280.16	711.59	431.43
TCGA-CV-6940-01	-673.92	-327.94	-1001.86
TCGA-CV-6941-01	287.98	49.18	337.16
TCGA-CV-6942-01	671.15	1607.24	2278.39
TCGA-CV-6943-01	1187.82	2112.03	3299.85
TCGA-CV-6945-01	-1032.56	-480.77	-1513.32
TCGA-CV-6948-01	-886.77	134.5	-752.26
TCGA-CV-6950-01	-291.88	-38.28	-330.16
TCGA-CV-6951-01	-991.85	-632.66	-1624.51
TCGA-CV-6952-01	-653.83	471.73	-182.11
TCGA-CV-6953-01	-922.75	380.88	-541.86
TCGA-CV-6954-01	-18.36	371.25	352.89
TCGA-CV-6955-01	-1137.76	903.4	-234.36
TCGA-CV-6956-01	-1254.45	-1006.58	-2261.04
TCGA-CV-6959-01	-104.28	628.07	523.8
TCGA-CV-6960-01	-1330.24	-505.09	-1835.33
TCGA-CV-6961-01	-173.84	133.14	-40.7
TCGA-CV-6962-01	-1299.39	-1121.05	-2420.44
TCGA-CV-7089-01	-1038.7	196.59	-842.11
TCGA-CV-7090-01	526.12	1126.73	1652.86
TCGA-CV-7091-01	-154.41	178.1	23.69
TCGA-CV-7095-01	-790.45	26.24	-764.21
TCGA-CV-7097-01	386.13	778.69	1164.82
TCGA-CV-7099-01	-798.52	825.41	26.89
TCGA-CV-7100-01	-346.88	611.33	264.45
TCGA-CV-7101-01	-371.23	629.23	258
TCGA-CV-7102-01	542.96	551.94	1094.9
TCGA-CV-7103-01	719.79	-467.4	252.4
TCGA-CV-7104-01	170.87	855.32	1026.2
TCGA-CV-7177-01	526.98	-290.76	236.22
TCGA-CV-7178-01	689.16	857.48	1546.64
TCGA-CV-7180-01	-1582.32	-253.07	-1835.39
TCGA-CV-7183-01	-560.14	-581.13	-1141.27
TCGA-CV-7235-01	754.82	921.27	1676.1
TCGA-CV-7236-01	-2.41	99.27	96.85
TCGA-CV-7238-01	-205.78	761.26	555.47
TCGA-CV-7242-01	-1142.6	732.64	-409.96
TCGA-CV-7243-01	-15.69	-460.05	-475.74
TCGA-CV-7245-01	-614.33	-332.11	-946.44
TCGA-CV-7247-01	-575.49	-712.02	-1287.51
TCGA-CV-7248-01	-247.99	450.1	202.11
TCGA-CV-7250-01	-1136.69	-74.25	-1210.94
TCGA-CV-7252-01	-89.13	371.32	282.2
TCGA-CV-7253-01	-1755.9	-778.95	-2534.85
TCGA-CV-7254-01	1026.38	1473.17	2499.55
TCGA-CV-7255-01	-1329.2	-649.28	-1978.48
TCGA-CV-7261-01	-100.16	-159.43	-259.6
TCGA-CV-7263-01	295.96	577.14	873.1
TCGA-CV-7406-01	-277.74	-640.1	-917.84
TCGA-CV-7407-01	-869.6	884.42	14.82
TCGA-CV-7409-01	-1037.36	475.81	-561.55
TCGA-CV-7410-01	376.25	2299.55	2675.8
TCGA-CV-7411-01	-149.69	35.45	-114.24
TCGA-CV-7413-01	274.49	628.85	903.34
TCGA-CV-7414-01	-360.45	-278.3	-638.75
TCGA-CV-7415-01	53.43	626.18	679.61
TCGA-CV-7416-01	190.73	46.44	237.16
TCGA-CV-7418-01	-1076.32	7.18	-1069.14
TCGA-CV-7421-01	136.14	-230.54	-94.4
TCGA-CV-7422-01	-292.63	192.62	-100.01
TCGA-CV-7423-01	-728.23	-435.05	-1163.29
TCGA-CV-7424-01	358.58	96.92	455.5
TCGA-CV-7425-01	-515.38	568.96	53.59
TCGA-CV-7427-01	-498.9	1343.79	844.89
TCGA-CV-7428-01	-291.5	751.57	460.07
TCGA-CV-7429-01	-118.63	289.48	170.85
TCGA-CV-7430-01	-1471.31	-630.62	-2101.93
TCGA-CV-7432-01	-1060.37	-193.89	-1254.26
TCGA-CV-7433-01	1191.3	1799.68	2990.98
TCGA-CV-7434-01	-641.31	293.49	-347.82
TCGA-CV-7435-01	1109.58	655.5	1765.08
TCGA-CV-7437-01	-1107.87	-528.66	-1636.53
TCGA-CV-7438-01	-136.29	446.29	310
TCGA-CV-7440-01	-953.43	-71.46	-1024.89
TCGA-CV-7446-01	-615.57	-347.04	-962.6
TCGA-CV-7568-01	157.12	-246.89	-89.77
TCGA-CV-A45O-01	-719.51	649.55	-69.96
TCGA-CV-A45P-01	-1172.86	-227.41	-1400.27
TCGA-CV-A45Q-01	-1152.43	250.64	-901.79
TCGA-CV-A45R-01	-46.73	495.12	448.39
TCGA-CV-A45T-01	-137.75	1882.02	1744.27
TCGA-CV-A45U-01	-1150.32	-226.41	-1376.73
TCGA-CV-A45V-01	-171.02	528.51	357.49
TCGA-CV-A45W-01	-150.76	1104.77	954.01
TCGA-CV-A45X-01	-1298.48	-107.72	-1406.2
TCGA-CV-A45Y-01	518.09	1228.54	1746.63
TCGA-CV-A45Z-01	-639.18	514.77	-124.41
TCGA-CV-A460-01	110.67	1197.85	1308.52
TCGA-CV-A461-01	-404.49	1434.16	1029.67
TCGA-CV-A463-01	-1166.85	-118.6	-1285.45
TCGA-CV-A464-01	426.39	299.03	725.42
TCGA-CV-A465-01	-1587.09	-704.05	-2291.14
TCGA-CV-A468-01	634.74	1558.58	2193.31
TCGA-CV-A6JD-01	-190.64	1191.52	1000.87
TCGA-CV-A6JE-01	-99.45	899.62	800.17
TCGA-CV-A6JM-01	-812.27	150.31	-661.95
TCGA-CV-A6JN-01	-950.75	675.29	-275.46
TCGA-CV-A6JO-01	-669.9	990.93	321.02
TCGA-CV-A6JT-01	61.19	659.02	720.21
TCGA-CV-A6JU-01	-487.66	92.18	-395.48
TCGA-CV-A6JY-01	-1302.46	-441.94	-1744.4
TCGA-CV-A6JZ-01	321.57	1704.37	2025.94
TCGA-CV-A6K0-01	455.07	1252.89	1707.96
TCGA-CV-A6K1-01	-737.71	360.2	-377.52
TCGA-CV-A6K2-01	-626.3	421.66	-204.65
TCGA-CX-7082-01	-643.47	-302.46	-945.93
TCGA-CX-7085-01	1384.86	1966.8	3351.67
TCGA-CX-7086-01	-1323.76	-177.56	-1501.33
TCGA-CX-7219-01	435.88	836.9	1272.78
TCGA-CX-A4AQ-01	-375.6	1576.08	1200.48
TCGA-D6-6515-01	1012.2	1896.92	2909.12
TCGA-D6-6516-01	-480.2	639.83	159.63
TCGA-D6-6517-01	-615.26	457.74	-157.52
TCGA-D6-6823-01	-916.42	-302.31	-1218.72
TCGA-D6-6824-01	688.92	1199	1887.92
TCGA-D6-6825-01	343.46	1487.34	1830.8
TCGA-D6-6826-01	543.89	1184.51	1728.4
TCGA-D6-6827-01	-802.78	-374.45	-1177.23
TCGA-D6-8568-01	30.66	474.53	505.19
TCGA-D6-8569-01	-463.6	349.22	-114.38
TCGA-D6-A4Z9-01	-632.64	146.46	-486.18
TCGA-D6-A4ZB-01	-837.64	-98.13	-935.77
TCGA-D6-A6EK-01	-688.76	1323.32	634.56
TCGA-D6-A6EM-01	-432.1	1466.41	1034.31
TCGA-D6-A6EN-01	-805.55	1818.78	1013.24
TCGA-D6-A6EO-01	-1051.01	-607.1	-1658.11
TCGA-D6-A6EP-01	60.05	-542.9	-482.85
TCGA-D6-A6EQ-01	-60.89	802.46	741.57
TCGA-D6-A6ES-01	-1124.5	443.43	-681.07
TCGA-D6-A74Q-01	-791.78	215.79	-575.99
TCGA-DQ-5624-01	-90.49	268.11	177.62
TCGA-DQ-5625-01	-123.14	1382.57	1259.43
TCGA-DQ-5629-01	-798.22	-777.68	-1575.89
TCGA-DQ-5630-01	580.95	1386.83	1967.78
TCGA-DQ-5631-01	-585.76	-470.02	-1055.78
TCGA-DQ-7588-01	-1821.77	-882.63	-2704.4
TCGA-DQ-7589-01	-640.29	-893.45	-1533.74
TCGA-DQ-7590-01	278.58	2351.28	2629.86
TCGA-DQ-7591-01	-1205.93	1088.46	-117.46
TCGA-DQ-7592-01	-182.67	327.11	144.44
TCGA-DQ-7593-01	-513.49	2057.04	1543.55
TCGA-DQ-7594-01	-639.91	891.08	251.16
TCGA-DQ-7595-01	-1314.68	-310.18	-1624.86
TCGA-DQ-7596-01	-1410.47	700.42	-710.05
TCGA-F7-7848-01	-215.34	551.08	335.74
TCGA-F7-8298-01	-284.08	-38.06	-322.14
TCGA-F7-8489-01	-338.03	1108.81	770.77
TCGA-F7-A50G-01	-392.8	878.98	486.18
TCGA-F7-A50I-01	-664.41	203.97	-460.44
TCGA-F7-A50J-01	-631.48	346.83	-284.65
TCGA-F7-A61S-01	-1026.01	861.39	-164.62
TCGA-F7-A61V-01	-1244.24	-322.14	-1566.38
TCGA-F7-A61W-01	-1455.01	-602.2	-2057.21
TCGA-F7-A620-01	-510.45	1183.22	672.78
TCGA-F7-A622-01	-1282.29	-307.62	-1589.91
TCGA-F7-A623-01	-1025.74	-30.42	-1056.16
TCGA-F7-A624-01	-630.9	2094.47	1463.57
TCGA-H7-7774-01	-1069.42	455.6	-613.82
TCGA-H7-8501-01	54.18	1929.69	1983.87
TCGA-H7-8502-01	-201.56	81.61	-119.95
TCGA-H7-A6C4-01	-480.18	420.38	-59.8
TCGA-H7-A76A-01	605.41	2398.33	3003.75
TCGA-HD-7229-01	-1106.08	529.1	-576.97
TCGA-HD-7753-01	-149.65	240.72	91.07
TCGA-HD-7754-01	215.16	-26.15	189.01
TCGA-HD-7831-01	1206.92	145.18	1352.1
TCGA-HD-7832-01	-753.29	346.74	-406.54
TCGA-HD-7917-01	-988.17	-479.21	-1467.38
TCGA-HD-8224-01	-8.97	-75.79	-84.76
TCGA-HD-8314-01	-90.09	652.29	562.21
TCGA-HD-8634-01	-1052.44	28.38	-1024.06
TCGA-HD-8635-01	-438.53	126.74	-311.79
TCGA-HD-A4C1-01	-578.95	-118.99	-697.93
TCGA-HD-A633-01	-894.43	-182.58	-1077.01
TCGA-HD-A634-01	-2018.14	-1492.71	-3510.84
TCGA-HD-A6HZ-01	192.15	1070.2	1262.35
TCGA-HD-A6I0-01	-582.3	794.39	212.09
TCGA-HL-7533-01	-973.08	669.32	-303.76
TCGA-IQ-7630-01	-480.25	345.12	-135.13
TCGA-IQ-7631-01	517.52	-544.53	-27.01
TCGA-IQ-7632-01	-1312.83	-330.99	-1643.83
TCGA-IQ-A61E-01	-642.25	463.62	-178.63
TCGA-IQ-A61G-01	-1856.07	-325.44	-2181.52
TCGA-IQ-A61H-01	-384.11	-387.85	-771.96
TCGA-IQ-A61I-01	-1442.84	726.76	-716.08
TCGA-IQ-A61J-01	131.42	492.88	624.3
TCGA-IQ-A61O-01	1406.29	631.86	2038.14
TCGA-IQ-A6SG-01	-1185.03	-600.18	-1785.21
TCGA-IQ-A6SH-01	-581.97	704.29	122.32
TCGA-KU-A66S-01	-1030.82	-592.51	-1623.33
TCGA-KU-A66T-01	-1582.74	-669.92	-2252.66
TCGA-KU-A6H7-06	-1321.15	1159.84	-161.31
TCGA-KU-A6H7-01	-923.99	1272.64	348.65
TCGA-KU-A6H8-01	-170.51	146.95	-23.56
TCGA-MT-A51W-01	-947.64	195.7	-751.94
TCGA-MT-A51X-01	-526.02	-122.49	-648.51
TCGA-MT-A67A-01	-1187.41	114.64	-1072.77
TCGA-MT-A67D-01	-95.32	595.93	500.6
TCGA-MT-A67F-01	13.74	2307.03	2320.78
TCGA-MT-A7BN-01	33.98	1067.69	1101.67
TCGA-MZ-A5BI-01	-461.17	1888.54	1427.36
TCGA-MZ-A6I9-01	-1433.27	-243.7	-1676.96
TCGA-MZ-A7D7-01	-1547.75	-682.62	-2230.37
TCGA-P3-A5Q5-01	-450.05	2331.84	1881.79
TCGA-P3-A5Q6-01	46.72	-189.05	-142.32
TCGA-P3-A5QA-01	-181.24	-364.64	-545.88
TCGA-P3-A5QE-01	-1452.78	1232.66	-220.13
TCGA-P3-A5QF-01	-1223.08	3.2	-1219.88
TCGA-P3-A6SW-01	-685.14	831.39	146.25
TCGA-P3-A6SX-01	-850.2	-811.71	-1661.91
TCGA-P3-A6T0-01	-910.72	-585.04	-1495.76
TCGA-P3-A6T2-01	-617.59	-127.41	-745
TCGA-P3-A6T3-01	-1032.01	-465.52	-1497.53
TCGA-P3-A6T4-01	-1128.8	-281.97	-1410.77
TCGA-P3-A6T5-01	-384.06	104.19	-279.87
TCGA-P3-A6T6-01	-1675.91	-624.55	-2300.46
TCGA-P3-A6T7-01	-659	-28.28	-687.28
TCGA-P3-A6T8-01	137.21	-419.78	-282.56
TCGA-QK-A64Z-01	-670.37	-6.9	-677.27
TCGA-QK-A652-01	-332.88	632.68	299.8
TCGA-QK-A6IF-01	-695.92	1726.15	1030.23
TCGA-QK-A6IG-01	-655.62	478.51	-177.11
TCGA-QK-A6IH-01	-613.48	0.93	-612.55
TCGA-QK-A6II-01	-1334.43	347.87	-986.57
TCGA-QK-A6IJ-01	-1098.99	835.43	-263.57
TCGA-QK-A6V9-01	-1718.18	702.99	-1015.19
TCGA-QK-A6VB-01	-1153.94	-740.09	-1894.03
TCGA-QK-A6VC-01	-436.32	989.93	553.61
TCGA-QK-A8Z7-01	-996.99	-677.08	-1674.07
TCGA-QK-A8Z8-01	-1309.44	-388.6	-1698.04
TCGA-QK-A8Z9-01	922.26	556.72	1478.98
TCGA-QK-A8ZA-01	-1616.25	-808.97	-2425.22
TCGA-QK-A8ZB-01	-336.69	-77.47	-414.16
TCGA-QK-AA3J-01	-1643.82	-196.31	-1840.13
TCGA-QK-AA3K-01	724.7	628.07	1352.78
TCGA-RS-A6TO-01	-322.62	502.78	180.17
TCGA-RS-A6TP-01	-1874.85	19.17	-1855.68
TCGA-T2-A6WX-01	-737.18	1721.06	983.89
TCGA-T2-A6WZ-01	-805.9	202.5	-603.4
TCGA-T2-A6X0-01	-750.38	362.12	-388.26
TCGA-T2-A6X2-01	-242.27	624.47	382.19
TCGA-T3-A92M-01	169.36	640.43	809.79
TCGA-T3-A92N-01	-889.77	281.56	-608.21
TCGA-TN-A7HI-01	-540.02	917.06	377.04
TCGA-TN-A7HJ-01	-1227.85	-198.03	-1425.88
TCGA-TN-A7HL-01	-704.81	2294.61	1589.8
TCGA-UF-A718-01	-195.17	194.86	-0.31
TCGA-UF-A719-01	-1499.04	-202.88	-1701.92
TCGA-UF-A71A-06	-969.53	-1058.32	-2027.85
TCGA-UF-A71A-01	-187.16	-599.34	-786.5
TCGA-UF-A71B-01	-269.08	221.51	-47.57
TCGA-UF-A71D-01	-1359.75	-437.07	-1796.83
TCGA-UF-A71E-01	-1161.87	-789.52	-1951.4
TCGA-UF-A7J9-01	601.99	4.77	606.75
TCGA-UF-A7JA-01	-578.42	-552.76	-1131.18
TCGA-UF-A7JC-01	-1193.37	-619.81	-1813.18
TCGA-UF-A7JD-01	556.15	-250.08	306.07
TCGA-UF-A7JF-01	-1219.13	408.33	-810.8
TCGA-UF-A7JH-01	374.84	631	1005.84
TCGA-UF-A7JJ-01	870.58	1485.77	2356.35
TCGA-UF-A7JK-01	-1146.65	-913.51	-2060.16
TCGA-UF-A7JO-01	-287.96	1678.94	1390.98
TCGA-UF-A7JS-01	-440.12	1151.78	711.66
TCGA-UF-A7JT-01	70.11	1708.04	1778.15
TCGA-UF-A7JV-01	-181.47	1061.43	879.97
TCGA-UP-A6WW-01	-530.37	517.56	-12.82
TCGA-WA-A7GZ-01	-863.82	-515.78	-1379.61
TCGA-WA-A7H4-01	-131.14	-81.45	-212.59
