ID	Stromal_score	Immune_score	ESTIMATE_score
TCGA-3Z-A93Z-01	610.09	714.61	1324.7
TCGA-6D-AA2E-01	-73.89	124.86	50.97
TCGA-A3-3306-01	-145.93	684.74	538.8
TCGA-A3-3307-01	474.33	1156.91	1631.23
TCGA-A3-3308-01	1187.87	804.11	1991.98
TCGA-A3-3311-01	890.93	1260.76	2151.69
TCGA-A3-3313-01	-168.7	-322.32	-491.02
TCGA-A3-3316-01	1454.58	1026.4	2480.98
TCGA-A3-3317-01	1011.81	1026.87	2038.68
TCGA-A3-3319-01	-26.86	1088.46	1061.6
TCGA-A3-3320-01	468.48	632.25	1100.74
TCGA-A3-3322-01	718.38	448.87	1167.25
TCGA-A3-3323-01	1054.4	1448.38	2502.77
TCGA-A3-3324-01	546.96	1146.86	1693.82
TCGA-A3-3325-01	949.3	963.57	1912.87
TCGA-A3-3326-01	479.43	1820.32	2299.74
TCGA-A3-3328-01	-1504.5	-825.74	-2330.24
TCGA-A3-3329-01	478.38	1214.3	1692.68
TCGA-A3-3331-01	749.85	1151.85	1901.7
TCGA-A3-3335-01	-87.2	447.41	360.21
TCGA-A3-3343-01	245.59	1516.41	1762
TCGA-A3-3346-01	-72.18	1548.12	1475.94
TCGA-A3-3347-01	1597.99	1878.11	3476.1
TCGA-A3-3349-01	1382.41	882.55	2264.96
TCGA-A3-3351-01	765.68	1976.59	2742.26
TCGA-A3-3352-01	402.67	1033.93	1436.61
TCGA-A3-3357-01	138.54	1312.34	1450.88
TCGA-A3-3358-01	919.95	1784.43	2704.38
TCGA-A3-3359-01	631.36	1408.28	2039.64
TCGA-A3-3362-01	828.86	457.65	1286.51
TCGA-A3-3363-01	-351.86	463.31	111.45
TCGA-A3-3365-01	1052.66	863.18	1915.84
TCGA-A3-3367-01	516.75	892.93	1409.68
TCGA-A3-3370-01	1000.47	1580.05	2580.52
TCGA-A3-3372-01	775.91	1026.96	1802.88
TCGA-A3-3373-01	786.49	720.67	1507.16
TCGA-A3-3374-01	127.38	1533.12	1660.5
TCGA-A3-3376-01	1403.37	1221.25	2624.62
TCGA-A3-3378-01	897.23	2159.01	3056.24
TCGA-A3-3380-01	745.09	727.31	1472.4
TCGA-A3-3382-01	516.4	993.57	1509.97
TCGA-A3-3383-01	318.58	1600.58	1919.16
TCGA-A3-3385-01	-171.26	-75.88	-247.15
TCGA-A3-3387-01	1188.45	1388.39	2576.84
TCGA-A3-A6NI-01	356.54	882.38	1238.93
TCGA-A3-A6NJ-01	557.29	1777.94	2335.22
TCGA-A3-A6NL-01	883.82	1320.06	2203.88
TCGA-A3-A6NN-01	913.93	1111.27	2025.2
TCGA-A3-A8CQ-01	668.52	481.82	1150.34
TCGA-A3-A8OU-01	631.85	917.3	1549.15
TCGA-A3-A8OV-01	57.65	692.21	749.86
TCGA-A3-A8OW-01	480.77	697.74	1178.5
TCGA-A3-A8OX-01	998.8	1203.69	2202.49
TCGA-AK-3425-01	1207.18	1912.13	3119.31
TCGA-AK-3426-01	1164.03	3076.4	4240.42
TCGA-AK-3427-01	-1243.73	-565.88	-1809.61
TCGA-AK-3428-01	434.97	935.6	1370.58
TCGA-AK-3429-01	358.32	1880.41	2238.72
TCGA-AK-3431-01	1394.73	930.88	2325.61
TCGA-AK-3433-01	-836.61	-534.95	-1371.56
TCGA-AK-3434-01	625.84	1066.6	1692.44
TCGA-AK-3436-01	197.76	389.78	587.54
TCGA-AK-3440-01	-1250.56	-604.27	-1854.82
TCGA-AK-3443-01	-1439	-1000.19	-2439.19
TCGA-AK-3444-01	305.88	631.25	937.13
TCGA-AK-3445-01	765.55	1515.53	2281.08
TCGA-AK-3447-01	-1080.6	-229.44	-1310.03
TCGA-AK-3450-01	126.75	381.6	508.35
TCGA-AK-3451-01	398.56	1255.78	1654.34
TCGA-AK-3453-01	-967.5	-609.33	-1576.83
TCGA-AK-3454-01	313.09	569.37	882.46
TCGA-AK-3455-01	-134.02	1566.25	1432.23
TCGA-AK-3456-01	-391.18	400.58	9.41
TCGA-AK-3458-01	-99.24	748.24	649.01
TCGA-AK-3460-01	689.29	858.65	1547.94
TCGA-AK-3461-01	695.86	847.56	1543.41
TCGA-AK-3465-01	-345.71	-853.56	-1199.26
TCGA-AS-3777-01	-454.21	-246.68	-700.9
TCGA-AS-3778-01	819.38	705.14	1524.53
TCGA-B0-4688-01	211.12	642.84	853.96
TCGA-B0-4690-01	1164.9	2023.94	3188.84
TCGA-B0-4691-01	578.39	1393.38	1971.76
TCGA-B0-4693-01	258.35	1390.63	1648.99
TCGA-B0-4694-01	1183.21	2223.5	3406.71
TCGA-B0-4696-01	61	-318.31	-257.32
TCGA-B0-4697-01	1002.62	2795.4	3798.02
TCGA-B0-4698-01	-490.09	1904.26	1414.17
TCGA-B0-4699-01	486.8	1276.58	1763.38
TCGA-B0-4700-01	1490.68	2318.38	3809.06
TCGA-B0-4701-01	439.34	1291.26	1730.6
TCGA-B0-4703-01	1575.87	1450.38	3026.25
TCGA-B0-4706-01	190.58	555.51	746.09
TCGA-B0-4707-01	-29.51	217.63	188.12
TCGA-B0-4710-01	649.25	789.85	1439.09
TCGA-B0-4712-01	989.4	1594.8	2584.2
TCGA-B0-4713-01	-44.12	744.92	700.8
TCGA-B0-4714-01	674.72	2145.58	2820.3
TCGA-B0-4718-01	440.58	982.06	1422.63
TCGA-B0-4810-01	1123.82	1726.88	2850.7
TCGA-B0-4811-01	310.65	473.12	783.77
TCGA-B0-4813-01	251.13	415.95	667.08
TCGA-B0-4814-01	491.08	313.1	804.18
TCGA-B0-4815-01	827.78	2501.36	3329.14
TCGA-B0-4816-01	1001.51	1756.99	2758.5
TCGA-B0-4817-01	-399.92	1425.09	1025.17
TCGA-B0-4818-01	508.32	1228.65	1736.96
TCGA-B0-4819-01	1191.42	2822.27	4013.68
TCGA-B0-4821-01	-302.6	615	312.4
TCGA-B0-4822-01	964.93	1278.01	2242.94
TCGA-B0-4823-01	1119.87	1249.96	2369.82
TCGA-B0-4824-01	734.36	1752.35	2486.71
TCGA-B0-4827-01	1308.07	1485.42	2793.5
TCGA-B0-4828-01	-512.46	535.95	23.49
TCGA-B0-4833-01	517.21	1344.53	1861.74
TCGA-B0-4834-01	-624.46	-795.86	-1420.32
TCGA-B0-4836-01	819.51	1365.81	2185.32
TCGA-B0-4837-01	862.82	613.56	1476.37
TCGA-B0-4838-01	476.39	1842.77	2319.15
TCGA-B0-4839-01	845.25	1428.98	2274.23
TCGA-B0-4841-01	820.83	769.15	1589.99
TCGA-B0-4842-01	551.68	1790.7	2342.38
TCGA-B0-4843-01	962.22	687.11	1649.33
TCGA-B0-4844-01	65.38	767.51	832.88
TCGA-B0-4845-01	252.44	336.75	589.19
TCGA-B0-4846-01	811.18	1338.61	2149.79
TCGA-B0-4847-01	-8.86	2219.83	2210.98
TCGA-B0-4848-01	957.28	1418.24	2375.52
TCGA-B0-4849-01	483.12	1063.43	1546.55
TCGA-B0-4852-01	514.17	628.4	1142.57
TCGA-B0-4945-01	519.01	540.86	1059.87
TCGA-B0-5075-01	210.21	1696.74	1906.94
TCGA-B0-5077-01	315.71	794.52	1110.22
TCGA-B0-5080-01	1510.24	1341.05	2851.29
TCGA-B0-5081-01	1280.68	2566.31	3846.99
TCGA-B0-5083-01	1236.18	1248.51	2484.69
TCGA-B0-5084-01	-508.47	196.54	-311.93
TCGA-B0-5085-01	60.67	591.02	651.69
TCGA-B0-5088-01	1086.4	1490.93	2577.33
TCGA-B0-5092-01	579.78	2386.52	2966.29
TCGA-B0-5094-01	-167.56	309.67	142.11
TCGA-B0-5095-01	1470.56	959.2	2429.76
TCGA-B0-5096-01	900.62	1405.8	2306.41
TCGA-B0-5097-01	1605.72	1413.95	3019.68
TCGA-B0-5098-01	-1557.91	-1158.94	-2716.84
TCGA-B0-5099-01	-164.49	-435.19	-599.68
TCGA-B0-5100-01	936.96	135.61	1072.57
TCGA-B0-5102-01	-79.37	541.04	461.67
TCGA-B0-5104-01	195.34	574.55	769.89
TCGA-B0-5106-01	801.38	1536.2	2337.58
TCGA-B0-5107-01	-837.81	1342.79	504.98
TCGA-B0-5108-01	1623.71	2022.84	3646.55
TCGA-B0-5109-01	185.74	1528.12	1713.86
TCGA-B0-5110-01	968.27	740.7	1708.97
TCGA-B0-5113-01	805.66	1141.6	1947.26
TCGA-B0-5115-01	841.5	894.15	1735.65
TCGA-B0-5116-01	453.09	-3.16	449.93
TCGA-B0-5117-01	-451.07	-705.37	-1156.44
TCGA-B0-5119-01	575.04	708.2	1283.24
TCGA-B0-5120-01	1269.59	980.57	2250.16
TCGA-B0-5121-01	739.83	1228.7	1968.53
TCGA-B0-5399-01	826.01	1179.98	2005.99
TCGA-B0-5400-01	783.84	1358.99	2142.83
TCGA-B0-5402-01	837.11	735.96	1573.07
TCGA-B0-5690-01	862.49	1067.51	1930
TCGA-B0-5691-01	1213.88	791.25	2005.13
TCGA-B0-5692-01	34.21	2037.15	2071.35
TCGA-B0-5693-01	627.07	77.72	704.79
TCGA-B0-5694-01	708.78	860.2	1568.98
TCGA-B0-5695-01	458.22	308.28	766.49
TCGA-B0-5696-01	428	429.09	857.08
TCGA-B0-5697-01	455.59	1768.43	2224.02
TCGA-B0-5698-01	393.05	1631.24	2024.29
TCGA-B0-5699-01	33.22	852.86	886.08
TCGA-B0-5700-01	331.39	681.73	1013.12
TCGA-B0-5701-01	130.92	1019.1	1150.02
TCGA-B0-5702-01	728.49	1383.73	2112.22
TCGA-B0-5703-01	37.52	712.73	750.25
TCGA-B0-5705-01	347.54	939.43	1286.97
TCGA-B0-5706-01	645.73	1886.88	2532.61
TCGA-B0-5707-01	-443.43	135.4	-308.03
TCGA-B0-5709-01	1611.67	2116.2	3727.86
TCGA-B0-5710-01	757.94	891.59	1649.53
TCGA-B0-5711-01	726.11	997.22	1723.33
TCGA-B0-5712-01	-213.37	134.98	-78.39
TCGA-B0-5713-01	444.35	785.1	1229.44
TCGA-B0-5812-01	1138.58	991.4	2129.98
TCGA-B2-3923-01	-738.72	-415.21	-1153.93
TCGA-B2-3924-01	642.72	2318.48	2961.2
TCGA-B2-4098-01	33.97	1102.61	1136.58
TCGA-B2-4099-01	460.14	1605.11	2065.25
TCGA-B2-4101-01	821.73	1593.57	2415.3
TCGA-B2-4102-01	655.9	1467.44	2123.34
TCGA-B2-5633-01	966.69	1299.35	2266.04
TCGA-B2-5635-01	620.34	1723.45	2343.8
TCGA-B2-5636-01	862.93	406.37	1269.3
TCGA-B2-5639-01	331.4	1203.48	1534.87
TCGA-B2-5641-01	716.8	1990.35	2707.15
TCGA-B2-A4SR-01	606.84	928.39	1535.23
TCGA-B4-5377-01	468.1	1018.35	1486.45
TCGA-B4-5378-01	382.73	13.63	396.36
TCGA-B4-5832-01	1143.46	1058.49	2201.95
TCGA-B4-5834-01	832.64	578.47	1411.12
TCGA-B4-5835-01	-377.89	629.05	251.15
TCGA-B4-5836-01	967.43	1000	1967.42
TCGA-B4-5838-01	733.85	272.91	1006.75
TCGA-B4-5843-01	709.3	229.99	939.29
TCGA-B4-5844-01	656.3	473.76	1130.06
TCGA-B8-4143-01	667.37	1974.95	2642.33
TCGA-B8-4146-01	473.69	1141.97	1615.66
TCGA-B8-4148-01	497.97	1943.23	2441.2
TCGA-B8-4151-01	54.67	337.65	392.31
TCGA-B8-4153-01	245.92	589.53	835.45
TCGA-B8-4154-01	528.55	1302.32	1830.87
TCGA-B8-4619-01	-274.21	-447.89	-722.09
TCGA-B8-4620-01	1153.12	1305.8	2458.92
TCGA-B8-4621-01	-346.62	813.93	467.32
TCGA-B8-4622-01	749.19	1409.56	2158.74
TCGA-B8-5158-01	635.81	1408.82	2044.63
TCGA-B8-5159-01	418.94	789.25	1208.18
TCGA-B8-5162-01	1781.35	2742.27	4523.63
TCGA-B8-5163-01	1802.33	2120.71	3923.03
TCGA-B8-5164-01	594.79	2440.51	3035.31
TCGA-B8-5165-01	1129.52	605.36	1734.88
TCGA-B8-5545-01	1488.43	1263.86	2752.29
TCGA-B8-5546-01	-765.38	-655.52	-1420.89
TCGA-B8-5549-01	592.76	1075.49	1668.25
TCGA-B8-5550-01	1477.17	943.24	2420.4
TCGA-B8-5551-01	959.97	2823.31	3783.28
TCGA-B8-5552-01	1457.97	1388.21	2846.18
TCGA-B8-5553-01	810.78	1412.1	2222.88
TCGA-B8-A54D-01	242.07	2019.62	2261.7
TCGA-B8-A54E-01	-842.03	-67.87	-909.9
TCGA-B8-A54F-01	930.06	1002.22	1932.29
TCGA-B8-A54G-01	101.1	2752.91	2854.01
TCGA-B8-A54H-01	407.23	860.91	1268.13
TCGA-B8-A54I-01	546.29	1871.67	2417.96
TCGA-B8-A54J-01	632.87	1068.25	1701.12
TCGA-B8-A54K-01	-390.88	-634.03	-1024.91
TCGA-B8-A7U6-01	735.36	844.11	1579.46
TCGA-B8-A8YJ-01	1707.66	1656.95	3364.61
TCGA-BP-4158-01	535.95	478.68	1014.63
TCGA-BP-4159-01	1072.45	1096.44	2168.9
TCGA-BP-4160-01	1000.94	1996.9	2997.84
TCGA-BP-4161-01	563.34	1904.44	2467.78
TCGA-BP-4162-01	581.77	1744.67	2326.44
TCGA-BP-4163-01	776.67	1166.4	1943.07
TCGA-BP-4164-01	-91.59	317.07	225.49
TCGA-BP-4165-01	544.47	1135.79	1680.26
TCGA-BP-4166-01	1079.1	984.82	2063.92
TCGA-BP-4167-01	1798.15	2501.47	4299.62
TCGA-BP-4169-01	1544.81	1764.34	3309.15
TCGA-BP-4170-01	1006.41	1422.66	2429.07
TCGA-BP-4173-01	1369.13	2996.48	4365.6
TCGA-BP-4174-01	326.65	1198.29	1524.94
TCGA-BP-4176-01	1120.4	1823.77	2944.17
TCGA-BP-4177-01	317.29	-283.64	33.65
TCGA-BP-4325-01	332.26	1248.62	1580.88
TCGA-BP-4326-01	796.33	695.95	1492.28
TCGA-BP-4327-01	446.31	514.56	960.88
TCGA-BP-4329-01	1097.7	1125.91	2223.62
TCGA-BP-4330-01	919.91	1998.01	2917.91
TCGA-BP-4331-01	679.71	1328.39	2008.11
TCGA-BP-4332-01	657.48	536.08	1193.56
TCGA-BP-4334-01	-941.47	-304.61	-1246.08
TCGA-BP-4335-01	743.9	1336.35	2080.25
TCGA-BP-4337-01	1072.85	562.78	1635.63
TCGA-BP-4338-01	-103.23	949.17	845.94
TCGA-BP-4340-01	-149.02	129.72	-19.31
TCGA-BP-4341-01	137.01	302.53	439.54
TCGA-BP-4342-01	861.06	790.95	1652.01
TCGA-BP-4343-01	1682.57	1810.93	3493.5
TCGA-BP-4344-01	1243.51	976.46	2219.98
TCGA-BP-4345-01	1853.76	1623.83	3477.59
TCGA-BP-4346-01	728.68	2518.21	3246.89
TCGA-BP-4347-01	609.39	604.9	1214.3
TCGA-BP-4349-01	582.94	570.61	1153.55
TCGA-BP-4351-01	521.57	579.87	1101.44
TCGA-BP-4352-01	-576.7	-249.32	-826.02
TCGA-BP-4353-01	1248.07	1651.13	2899.2
TCGA-BP-4354-01	1552.1	2544.78	4096.88
TCGA-BP-4355-01	965.13	347.26	1312.39
TCGA-BP-4756-01	-790.12	257.5	-532.62
TCGA-BP-4758-01	624.29	1884.62	2508.91
TCGA-BP-4759-01	592.33	747.02	1339.35
TCGA-BP-4760-01	404.81	29.9	434.71
TCGA-BP-4761-01	-307.19	905.22	598.03
TCGA-BP-4762-01	1619.16	1325.11	2944.26
TCGA-BP-4763-01	902.92	558.39	1461.31
TCGA-BP-4765-01	744.16	517.48	1261.64
TCGA-BP-4766-01	496.75	620.62	1117.37
TCGA-BP-4768-01	-96.06	189.13	93.07
TCGA-BP-4769-01	705.89	-298.6	407.28
TCGA-BP-4770-01	1772.24	802.69	2574.93
TCGA-BP-4771-01	1074.7	2836.59	3911.29
TCGA-BP-4774-01	528.11	588.69	1116.8
TCGA-BP-4775-01	361.81	791.63	1153.44
TCGA-BP-4776-01	563.26	857.55	1420.81
TCGA-BP-4777-01	910.78	2299.29	3210.07
TCGA-BP-4781-01	792.03	799.07	1591.11
TCGA-BP-4782-01	781.73	1340.37	2122.1
TCGA-BP-4784-01	645.06	193.88	838.94
TCGA-BP-4787-01	1525.64	1604.15	3129.79
TCGA-BP-4789-01	991.68	256.85	1248.53
TCGA-BP-4790-01	1382.1	1587.65	2969.75
TCGA-BP-4795-01	1407.37	1012.81	2420.19
TCGA-BP-4797-01	976.02	1381.39	2357.41
TCGA-BP-4798-01	1395.7	2760.13	4155.83
TCGA-BP-4799-01	897.3	1457.44	2354.74
TCGA-BP-4801-01	1469.27	1444.35	2913.62
TCGA-BP-4803-01	815.94	722.32	1538.26
TCGA-BP-4804-01	1363.17	2135.62	3498.79
TCGA-BP-4807-01	1242.42	941.3	2183.72
TCGA-BP-4959-01	720.93	1387.33	2108.26
TCGA-BP-4960-01	964.43	1461.52	2425.95
TCGA-BP-4961-01	919.49	501.92	1421.42
TCGA-BP-4962-01	1403.05	1706.82	3109.87
TCGA-BP-4963-01	754.18	1450.76	2204.94
TCGA-BP-4964-01	644.79	969.96	1614.75
TCGA-BP-4965-01	797.53	716.36	1513.9
TCGA-BP-4967-01	291.33	462.88	754.21
TCGA-BP-4968-01	594.81	1419.04	2013.84
TCGA-BP-4969-01	83.33	-162.34	-79.01
TCGA-BP-4970-01	1481.95	1644.09	3126.04
TCGA-BP-4971-01	1368.7	1806.07	3174.76
TCGA-BP-4972-01	1573.79	1350.06	2923.85
TCGA-BP-4973-01	449.37	1120.46	1569.82
TCGA-BP-4974-01	923.63	501.18	1424.81
TCGA-BP-4975-01	970	532.59	1502.6
TCGA-BP-4976-01	443.57	343.89	787.46
TCGA-BP-4977-01	423.55	872.33	1295.88
TCGA-BP-4981-01	143.76	981.84	1125.6
TCGA-BP-4982-01	1241.14	1108.72	2349.85
TCGA-BP-4983-01	527.77	2311.6	2839.36
TCGA-BP-4985-01	671.85	857.76	1529.61
TCGA-BP-4986-01	1281.87	1167.65	2449.52
TCGA-BP-4987-01	683.17	868.78	1551.95
TCGA-BP-4988-01	988.98	2278.11	3267.09
TCGA-BP-4989-01	1009.05	2665.23	3674.28
TCGA-BP-4991-01	818.98	830.02	1649
TCGA-BP-4992-01	53.57	2157.44	2211
TCGA-BP-4993-01	1036.57	964.81	2001.38
TCGA-BP-4994-01	-138.07	113.31	-24.76
TCGA-BP-4995-01	134.4	485.63	620.03
TCGA-BP-4998-01	1388.97	1548.95	2937.92
TCGA-BP-4999-01	933.13	492.82	1425.95
TCGA-BP-5000-01	957.67	1418.09	2375.76
TCGA-BP-5001-01	178.93	854.99	1033.92
TCGA-BP-5004-01	609.36	544.86	1154.22
TCGA-BP-5006-01	532.93	798.3	1331.23
TCGA-BP-5007-01	439.68	929.55	1369.24
TCGA-BP-5008-01	1118.05	1395	2513.04
TCGA-BP-5009-01	800.09	1495.39	2295.48
TCGA-BP-5010-01	1341.49	848.78	2190.27
TCGA-BP-5168-01	339.65	550.99	890.64
TCGA-BP-5169-01	747.13	1929.09	2676.23
TCGA-BP-5170-01	1210.55	1041.23	2251.77
TCGA-BP-5173-01	591.24	1263.89	1855.13
TCGA-BP-5174-01	201.98	484.17	686.15
TCGA-BP-5175-01	440.83	1035.67	1476.5
TCGA-BP-5176-01	542.95	665.77	1208.72
TCGA-BP-5177-01	1148.53	467.49	1616.02
TCGA-BP-5178-01	795.16	1649.41	2444.57
TCGA-BP-5180-01	-132.12	1364.35	1232.23
TCGA-BP-5181-01	660	688.61	1348.61
TCGA-BP-5182-01	1663.59	1907.29	3570.87
TCGA-BP-5183-01	32.65	1436.07	1468.71
TCGA-BP-5184-01	1031.34	1000.32	2031.66
TCGA-BP-5185-01	213.81	594.22	808.03
TCGA-BP-5186-01	663.1	504.27	1167.37
TCGA-BP-5187-01	842.06	693.88	1535.95
TCGA-BP-5189-01	1122.87	1334.05	2456.92
TCGA-BP-5190-01	3.72	514.2	517.92
TCGA-BP-5191-01	271.74	2494.42	2766.16
TCGA-BP-5192-01	99.46	-53.36	46.1
TCGA-BP-5194-01	853.68	881.58	1735.26
TCGA-BP-5195-01	1257.21	1058.74	2315.96
TCGA-BP-5196-01	955.49	1281.83	2237.32
TCGA-BP-5198-01	1302.35	1375.96	2678.32
TCGA-BP-5199-01	1284.88	2174.97	3459.85
TCGA-BP-5200-01	1154.17	1327.17	2481.34
TCGA-BP-5201-01	163.46	1587.22	1750.68
TCGA-BP-5202-01	520.4	649.71	1170.1
TCGA-CJ-4634-01	966.64	492.88	1459.52
TCGA-CJ-4635-01	789.34	1535.34	2324.68
TCGA-CJ-4636-01	1243.11	1927.84	3170.95
TCGA-CJ-4637-01	979.49	2824.41	3803.9
TCGA-CJ-4638-01	-351.59	94.73	-256.86
TCGA-CJ-4639-01	570.3	1309.66	1879.95
TCGA-CJ-4640-01	817.82	1858.09	2675.91
TCGA-CJ-4641-01	994.77	2262.29	3257.05
TCGA-CJ-4642-01	866.19	269.78	1135.97
TCGA-CJ-4643-01	1094.63	1178.31	2272.95
TCGA-CJ-4644-01	866.64	1398.45	2265.09
TCGA-CJ-4868-01	1536.33	1898.43	3434.75
TCGA-CJ-4869-01	642.93	2448.61	3091.54
TCGA-CJ-4870-01	529.72	617.68	1147.4
TCGA-CJ-4871-01	982.91	759.57	1742.49
TCGA-CJ-4872-01	1415	1463.79	2878.78
TCGA-CJ-4873-01	892.86	2234.93	3127.79
TCGA-CJ-4874-01	718.62	1496.66	2215.28
TCGA-CJ-4875-01	258.74	1428.6	1687.34
TCGA-CJ-4876-01	-364.9	500.79	135.89
TCGA-CJ-4878-01	142.03	240.56	382.59
TCGA-CJ-4881-01	993.75	1533.93	2527.68
TCGA-CJ-4882-01	1155.34	2009.75	3165.09
TCGA-CJ-4884-01	619.52	1629.41	2248.92
TCGA-CJ-4885-01	215.67	319.79	535.46
TCGA-CJ-4886-01	1091.9	1295.05	2386.94
TCGA-CJ-4887-01	707.9	2154.59	2862.49
TCGA-CJ-4888-01	1150.27	2683.53	3833.8
TCGA-CJ-4889-01	1735.04	1862.37	3597.41
TCGA-CJ-4890-01	2030.4	2743.3	4773.7
TCGA-CJ-4891-01	687.6	1636.14	2323.75
TCGA-CJ-4892-01	637.18	1426.77	2063.95
TCGA-CJ-4893-01	826.91	1513.39	2340.3
TCGA-CJ-4894-01	656.85	1747.41	2404.26
TCGA-CJ-4895-01	1387.79	1421.58	2809.37
TCGA-CJ-4897-01	670.14	459.85	1129.99
TCGA-CJ-4899-01	1263.64	902.71	2166.35
TCGA-CJ-4900-01	763.07	2139.2	2902.27
TCGA-CJ-4901-01	958.23	2584.29	3542.52
TCGA-CJ-4902-01	1335.1	1485.42	2820.51
TCGA-CJ-4903-01	813.23	1245.83	2059.06
TCGA-CJ-4904-01	788.17	979.48	1767.65
TCGA-CJ-4905-01	1252.95	642.96	1895.91
TCGA-CJ-4907-01	1144.72	709.93	1854.65
TCGA-CJ-4908-01	1148.54	934.68	2083.22
TCGA-CJ-4912-01	140.73	544.22	684.94
TCGA-CJ-4916-01	761.22	2431.16	3192.38
TCGA-CJ-4918-01	1654.15	1332.87	2987.02
TCGA-CJ-4920-01	983.51	799.93	1783.43
TCGA-CJ-4923-01	1040.31	1741.04	2781.35
TCGA-CJ-5671-01	1772.96	2066.08	3839.04
TCGA-CJ-5672-01	755.03	2163.19	2918.22
TCGA-CJ-5675-01	201.64	2228.33	2429.97
TCGA-CJ-5676-01	1162.93	1531.96	2694.89
TCGA-CJ-5677-01	1355.84	1324.86	2680.7
TCGA-CJ-5678-01	293.64	2164.65	2458.29
TCGA-CJ-5679-01	305.79	-92.95	212.83
TCGA-CJ-5680-01	360.92	462.52	823.44
TCGA-CJ-5681-01	-410.04	-242.26	-652.3
TCGA-CJ-5682-01	1140.06	650.88	1790.93
TCGA-CJ-5683-01	447	466.63	913.63
TCGA-CJ-5684-01	640.84	1123.97	1764.82
TCGA-CJ-5686-01	747.52	1416.47	2163.98
TCGA-CJ-5689-01	1427.77	1495.67	2923.44
TCGA-CJ-6027-01	282.08	2136.44	2418.52
TCGA-CJ-6028-01	898.14	1989.88	2888.02
TCGA-CJ-6030-01	972.59	2245.02	3217.61
TCGA-CJ-6031-01	1589.71	1909.98	3499.7
TCGA-CJ-6032-01	242.6	628.1	870.7
TCGA-CJ-6033-01	861.31	846.41	1707.72
TCGA-CW-5580-01	789.46	820.07	1609.53
TCGA-CW-5581-01	213.88	465.39	679.27
TCGA-CW-5583-01	704.07	194.13	898.2
TCGA-CW-5584-01	812.77	880.06	1692.83
TCGA-CW-5585-01	153.93	-58.24	95.69
TCGA-CW-5587-01	1035.46	2041.7	3077.16
TCGA-CW-5588-01	1363.47	1289.97	2653.44
TCGA-CW-5589-01	880.84	970.7	1851.54
TCGA-CW-5590-01	951.5	1033.9	1985.4
TCGA-CW-5591-01	485.08	-305.31	179.77
TCGA-CW-6087-01	797.58	2973.88	3771.45
TCGA-CW-6088-01	732.88	358.64	1091.52
TCGA-CW-6090-01	1246.09	1665.87	2911.96
TCGA-CW-6093-01	664.02	500.48	1164.51
TCGA-CW-6097-01	1317.72	2022.63	3340.34
TCGA-CZ-4853-01	-45.22	597.32	552.11
TCGA-CZ-4854-01	453.07	682.92	1135.99
TCGA-CZ-4856-01	794.1	1246.38	2040.48
TCGA-CZ-4857-01	715.75	1165.44	1881.18
TCGA-CZ-4858-01	431.41	1710.86	2142.27
TCGA-CZ-4859-01	-136.48	63.88	-72.6
TCGA-CZ-4860-01	430.28	846.17	1276.45
TCGA-CZ-4861-01	560.5	2120.44	2680.94
TCGA-CZ-4862-01	811.71	2142.79	2954.49
TCGA-CZ-4863-01	694.29	1865.91	2560.2
TCGA-CZ-4864-01	631.29	2023.01	2654.3
TCGA-CZ-4865-01	1071.12	1314.71	2385.83
TCGA-CZ-4866-01	78.72	782.3	861.02
TCGA-CZ-5451-01	278.29	883.04	1161.33
TCGA-CZ-5452-01	225.2	2384.55	2609.75
TCGA-CZ-5453-01	165.57	-72.07	93.49
TCGA-CZ-5454-01	705.33	1801.3	2506.63
TCGA-CZ-5455-01	784.33	1823.52	2607.85
TCGA-CZ-5456-01	643.04	1375.6	2018.64
TCGA-CZ-5457-01	683.35	984.2	1667.55
TCGA-CZ-5458-01	652.1	1148.23	1800.33
TCGA-CZ-5459-01	405.16	837.13	1242.29
TCGA-CZ-5460-01	336.02	1410.22	1746.24
TCGA-CZ-5461-01	998.73	1197.85	2196.58
TCGA-CZ-5462-01	61.51	1293.17	1354.68
TCGA-CZ-5463-01	197.38	792.23	989.61
TCGA-CZ-5464-01	1054.76	1791.84	2846.6
TCGA-CZ-5465-01	189.17	328.3	517.47
TCGA-CZ-5466-01	759.09	1845.01	2604.09
TCGA-CZ-5467-01	594.47	522.09	1116.56
TCGA-CZ-5468-01	486.69	937.73	1424.41
TCGA-CZ-5469-01	-23.37	359.58	336.21
TCGA-CZ-5470-01	491.31	1602.78	2094.09
TCGA-CZ-5982-01	373.27	263.51	636.77
TCGA-CZ-5984-01	354.1	1220.4	1574.5
TCGA-CZ-5985-01	389.6	1589.48	1979.09
TCGA-CZ-5986-01	372.31	584.67	956.98
TCGA-CZ-5987-01	90.05	1234.24	1324.29
TCGA-CZ-5988-01	850.17	735.93	1586.1
TCGA-CZ-5989-01	932.85	1311.24	2244.1
TCGA-DV-5565-01	809.87	789.22	1599.08
TCGA-DV-5566-01	331.9	411.76	743.66
TCGA-DV-5567-01	-85.66	-425.07	-510.74
TCGA-DV-5568-01	890.61	1209.46	2100.07
TCGA-DV-5569-01	743.12	1105	1848.12
TCGA-DV-5573-01	619.8	1978.46	2598.26
TCGA-DV-5574-01	1640.08	1827.85	3467.93
TCGA-DV-5575-01	888.17	1069.29	1957.46
TCGA-DV-5576-01	-35.5	-649.59	-685.09
TCGA-DV-A4VX-01	-613.58	503.99	-109.59
TCGA-DV-A4VZ-01	-426.2	-344	-770.2
TCGA-DV-A4W0-05	-588.27	-447.65	-1035.92
TCGA-DV-A4W0-01	198.69	262.87	461.56
TCGA-EU-5904-01	876.3	801	1677.3
TCGA-EU-5905-01	888.27	779.56	1667.83
TCGA-EU-5906-01	891.27	925.78	1817.05
TCGA-EU-5907-01	186.11	95.79	281.9
TCGA-G6-A5PC-01	-207.32	1095.03	887.71
TCGA-G6-A8L6-01	363.71	1391.57	1755.29
TCGA-G6-A8L7-01	-283.14	435.35	152.21
TCGA-G6-A8L8-01	-369.43	65.43	-303.99
TCGA-GK-A6C7-01	583.14	717.51	1300.66
TCGA-MM-A563-01	1338.67	2002.96	3341.63
TCGA-MM-A564-01	486.75	582.47	1069.22
TCGA-MM-A84U-01	891.82	997.99	1889.81
TCGA-MW-A4EC-01	269.99	490.26	760.25
TCGA-T7-A92I-01	-730.63	85.23	-645.4
